
AUT00179-001  -9 0 0 0 1 1 1 1 0 0 0 1 0 1 1 0 0 0 0 0
AUT00179-001  -9 0 0 0 1 1 1 1 0 0 0 1 0 1 1 0 1 0 0 1
AUT00179-010  0 0 0 0 1 1 1 1 0 0 0 1 0 1 1 0 0 0 0 0
AUT00179-010  0 0 0 0 1 1 1 1 0 0 0 1 0 1 1 0 1 0 0 1
ITA00271-025  -9 0 0 0 1 1 0 1 0 0 0 1 0 1 1 0 1 0 0 0
ITA00271-025  -9 0 0 0 1 0 0 0 0 0 0 1 0 1 1 0 1 0 0 0
SVN00025-001  -9 0 0 0 1 1 0 1 0 0 0 1 0 1 1 0 0 0 0 0
SVN00025-001  -9 0 0 0 1 1 0 1 0 0 0 0 0 0 0 0 0 0 1 0
SVN00025-002  0 0 0 0 1 1 1 1 0 0 0 1 0 1 1 0 1 0 0 0
SVN00025-002  0 0 0 0 1 1 1 1 0 0 0 0 0 0 0 0 1 0 1 0
SVN00025-003  0 0 0 0 1 1 1 1 0 0 0 1 0 1 1 0 -9 0 0 0
SVN00025-003  1 0 0 0 1 1 0 1 0 0 0 1 0 1 1 0 -9 0 1 0
SVN00025-004  0 0 0 0 1 1 1 1 0 0 0 1 0 1 1 0 0 0 0 -9
SVN00025-004  1 1 0 0 1 1 1 1 0 0 0 1 0 1 1 0 1 0 1 -9
SVN00025-005  0 0 0 0 1 1 1 1 0 0 0 1 0 1 1 0 0 0 0 0
SVN00025-005  1 0 0 0 1 1 0 1 0 0 0 1 0 1 1 0 0 1 1 0
SVN00025-006  0 0 0 1 1 1 0 1 0 0 0 1 0 1 1 0 0 0 0 0
SVN00025-006  0 1 0 1 1 0 0 0 1 0 0 1 0 1 1 0 1 0 0 1
SVN00025-007  -9 0 0 -9 1 1 1 1 0 0 0 1 0 1 1 0 0 0 0 0
SVN00025-007  -9 0 0 -9 1 1 1 1 0 0 0 0 0 0 0 0 0 0 1 1
SVN00025-008  -9 0 0 1 1 0 0 0 0 0 0 1 0 1 1 0 1 0 0 1
SVN00025-008  -9 0 0 1 1 0 0 0 0 0 0 1 0 1 1 0 1 1 0 1
SVN00025-009  0 0 0 0 1 1 1 1 0 0 0 1 0 1 1 0 1 0 0 1
SVN00025-009  0 0 0 0 1 0 0 0 0 0 0 1 0 1 1 0 1 0 0 1
AUT00179-011  0 0 0 0 1 1 1 1 0 0 0 1 0 1 1 0 0 0 1 1
AUT00179-011  1 0 0 0 0 0 0 0 0 0 0 0 0 0 0 0 1 0 1 1
SVN00025-010  0 0 0 0 1 0 0 0 0 0 0 1 0 1 0 0 0 0 1 1
SVN00025-010  0 0 0 0 1 0 0 0 0 0 1 0 1 0 0 1 1 0 1 1
SVN00025-011  -9 0 0 0 1 1 1 1 0 0 0 1 0 1 1 0 1 0 0 0
SVN00025-011  -9 0 0 0 1 1 1 1 0 0 0 1 0 1 1 0 1 0 0 0
SVN00025-012  0 1 0 0 1 1 1 1 0 0 0 1 0 1 0 0 1 0 0 0
SVN00025-012  0 1 0 0 1 0 0 0 0 0 1 0 1 0 0 1 1 0 0 0
SVN00025-013  0 0 0 -9 1 1 1 1 0 0 0 1 0 1 1 0 0 0 0 0
SVN00025-013  0 0 0 -9 1 1 0 1 0 0 0 1 0 1 1 0 1 0 0 1
SVN00025-014  0 0 0 0 1 1 1 1 0 0 0 1 0 1 1 0 1 0 0 -9
SVN00025-014  0 0 0 0 1 1 0 1 0 0 0 1 0 1 1 0 1 0 1 -9
SVN00025-015  0 0 0 0 1 0 0 0 0 0 0 1 0 1 1 0 1 0 0 0
SVN00025-015  1 0 0 0 1 0 0 0 0 1 0 1 0 1 1 0 1 0 1 1
SVN00025-016  0 0 0 0 1 1 1 1 0 0 0 1 0 1 1 0 0 0 0 0
SVN00025-016  0 0 0 1 1 0 0 0 0 0 0 1 0 1 1 0 1 0 1 0
SVN00025-017  0 0 0 0 1 1 1 1 0 0 0 1 0 1 1 0 0 0 1 1
SVN00025-017  1 0 0 1 1 0 0 0 0 0 0 1 0 1 1 0 1 0 1 1
SVN00025-018  0 0 0 0 1 1 1 1 0 0 0 1 0 1 1 0 0 -9 0 0
SVN00025-018  0 1 0 0 1 1 0 1 0 0 0 0 0 0 0 0 0 -9 0 1
SVN00025-019  0 0 0 0 1 0 0 0 0 0 0 1 0 1 1 0 1 0 0 0
SVN00025-019  1 0 0 0 0 0 0 0 0 0 0 1 0 1 1 0 1 0 1 1
AUT00179-012  0 0 0 0 1 1 0 1 0 0 1 1 1 1 0 1 0 0 1 0
AUT00179-012  1 0 0 0 1 0 0 0 0 0 1 1 1 1 0 1 0 0 1 1
SVN00025-020  0 0 0 0 1 1 0 1 0 0 0 1 0 1 1 0 1 0 0 0
SVN00025-020  0 0 0 0 1 0 0 0 0 0 0 1 0 1 1 0 1 0 0 1
SVN00025-021  0 0 0 0 1 1 1 1 0 0 0 1 0 1 1 0 1 0 0 0
SVN00025-021  0 0 0 1 1 1 0 1 0 0 0 1 0 1 1 0 1 0 1 0
SVN00025-022  0 0 0 0 1 0 0 0 0 0 0 1 0 1 1 0 1 0 0 0
SVN00025-022  0 1 0 0 1 0 0 0 0 0 0 0 0 0 0 0 1 0 1 1
SVN00025-023  -9 0 0 0 1 1 0 1 0 0 0 1 0 1 1 0 1 0 0 0
SVN00025-023  -9 0 0 0 1 0 0 0 0 0 0 0 0 0 0 0 1 0 0 1
SVN00025-024  0 0 0 0 1 1 1 1 0 0 0 1 0 1 1 0 0 0 0 0
SVN00025-024  0 0 0 0 1 0 0 0 0 0 0 1 0 1 1 0 0 0 0 1
SVN00025-025  0 0 0 0 1 1 0 1 0 0 0 1 0 1 1 0 1 0 0 0
SVN00025-025  0 1 0 1 1 0 0 0 0 0 1 1 1 1 0 1 1 0 0 1
SVN00023-001  0 0 0 0 1 1 1 1 0 0 0 1 0 1 1 0 0 0 0 0
SVN00023-001  1 0 0 0 1 1 0 1 1 0 0 1 0 1 1 0 1 0 1 1
SVN00023-002  0 0 0 0 1 1 1 1 0 0 0 1 0 1 1 0 1 0 0 0
SVN00023-002  1 0 0 0 1 1 0 1 0 0 1 1 1 1 0 1 1 0 0 0
SVN00023-003  0 0 0 0 1 0 0 0 0 0 0 1 0 1 1 0 0 0 0 1
SVN00023-003  0 1 0 1 1 0 0 0 0 0 0 0 0 0 0 0 0 1 0 1
SVN00023-004  -9 0 0 0 1 1 0 1 0 0 0 1 0 1 1 0 0 0 0 1
SVN00023-004  -9 0 0 0 1 0 0 0 0 0 1 1 1 1 0 1 1 0 1 1
AUT00179-013  0 0 0 1 1 1 0 1 0 0 0 1 0 1 1 0 1 0 1 -9
AUT00179-013  0 0 0 1 1 0 0 0 0 0 0 1 0 1 1 0 1 0 1 -9
SVN00023-005  0 0 0 0 1 1 1 1 0 0 0 1 0 1 1 0 1 -9 0 1
SVN00023-005  1 0 1 0 1 1 0 1 0 0 0 1 0 1 1 0 1 -9 1 1
SVN00023-006  0 0 0 0 1 0 0 0 0 0 0 1 0 1 1 0 0 0 0 1
SVN00023-006  1 0 0 1 1 0 0 0 0 0 0 1 0 1 1 0 1 0 1 1
SVN00023-007  0 0 0 0 1 0 0 0 0 0 0 1 0 1 1 0 1 0 0 0
SVN00023-007  0 0 1 0 1 0 0 0 0 0 0 1 0 1 1 0 1 0 0 1
SVN00023-008  0 0 0 -9 1 1 1 1 0 0 0 1 0 1 1 0 1 0 0 0
SVN00023-008  0 0 0 -9 1 1 1 1 1 0 0 1 0 1 1 0 1 0 0 1
SVN00023-009  0 0 0 0 1 1 1 1 0 0 0 1 0 1 1 0 0 0 0 0
SVN00023-009  1 0 0 0 1 0 0 0 0 0 0 0 0 0 0 0 0 0 0 1
SVN00023-010  -9 0 0 0 1 1 1 1 0 0 0 1 0 1 1 0 0 0 0 0
SVN00023-010  -9 0 0 0 1 1 0 1 0 0 0 1 0 1 1 0 0 1 1 0
SVN00023-011  0 0 0 0 1 1 0 1 0 0 0 1 0 1 1 0 1 0 0 0
SVN00023-011  1 0 0 0 1 1 0 1 0 0 0 1 0 1 1 0 1 0 0 1
SVN00023-012  1 0 0 0 1 1 1 1 0 0 0 1 0 1 1 0 0 0 0 0
SVN00023-012  1 0 0 1 1 0 0 0 0 0 0 1 0 1 1 0 1 0 1 0
SVN00023-013  0 0 0 0 1 1 0 1 0 0 0 1 0 1 1 0 0 0 0 0
SVN00023-013  0 0 0 0 1 0 0 0 0 0 0 1 0 1 1 0 0 0 1 0
SVN00023-014  0 0 0 0 1 1 1 1 0 0 0 1 0 1 1 0 0 0 0 0
SVN00023-014  0 1 0 0 1 0 0 0 0 0 0 1 0 1 1 0 1 1 0 1
AUT00179-014  0 0 0 0 1 1 1 1 0 0 0 1 0 1 1 0 1 0 -9 0
AUT00179-014  0 0 0 0 1 1 0 1 0 0 0 0 0 0 0 0 1 0 -9 0
SVN00023-015  -9 0 0 0 1 1 1 1 0 0 0 1 0 1 1 0 0 0 0 0
SVN00023-015  -9 0 0 0 1 0 0 0 0 0 0 0 0 0 0 0 1 1 1 1
SVN00023-016  0 0 0 0 1 1 1 1 0 0 0 1 0 1 1 0 0 0 0 0
SVN00023-016  1 0 0 0 1 1 1 1 0 0 0 1 0 1 1 0 0 0 0 1
SVN00023-017  0 0 0 0 1 1 0 1 0 0 0 1 0 1 1 0 0 0 0 0
SVN00023-017  1 0 0 0 1 1 0 1 0 0 0 1 0 1 1 0 1 1 0 0
SVN00023-018  0 0 0 0 1 1 0 1 0 0 0 1 0 1 1 0 0 0 1 -9
SVN00023-018  0 0 0 0 1 0 0 0 0 0 0 1 0 1 1 0 1 0 1 -9
SVN00023-019  0 0 0 0 1 1 1 1 0 0 0 1 0 1 1 0 1 0 0 0
SVN00023-019  0 0 0 0 1 0 0 0 0 0 0 1 0 1 1 0 1 0 1 1
SVN00023-020  0 0 0 0 1 1 0 1 0 0 0 1 0 1 1 0 0 0 0 0
SVN00023-020  1 0 0 0 1 0 0 0 0 0 0 0 0 0 0 0 0 0 1 0
SVN00023-021  0 0 0 0 1 1 1 1 0 0 0 1 0 1 1 0 0 0 0 0
SVN00023-021  1 0 0 0 1 0 0 0 0 0 0 1 0 1 1 0 1 0 0 1
SVN00023-022  0 0 0 0 1 1 1 1 0 0 0 1 0 1 1 0 0 0 0 0
SVN00023-022  0 0 0 1 1 0 0 0 0 0 1 1 1 1 0 1 1 0 0 0
SVN00023-023  0 0 0 0 1 1 0 1 0 0 0 1 0 1 1 0 1 0 0 0
SVN00023-023  0 0 0 0 1 1 0 1 0 0 0 1 0 1 1 0 1 0 0 0
SVN00023-024  0 0 0 0 1 0 0 0 0 0 0 1 0 1 1 0 0 -9 0 0
SVN00023-024  0 0 0 0 1 0 0 0 0 1 0 1 0 1 1 0 0 -9 0 0
AUT00179-015  -9 0 0 -9 1 1 -9 -9 0 -9 0 1 0 1 1 0 0 0 1 0
AUT00179-015  -9 0 0 -9 1 1 -9 -9 0 -9 0 1 0 1 1 0 1 1 1 0
SVN00023-025  0 0 0 0 1 1 1 1 0 0 0 1 0 1 1 0 1 0 0 0
SVN00023-025  0 0 0 0 1 1 1 1 0 0 0 1 0 1 1 0 1 0 0 0
ITA00260-001  0 0 0 0 1 0 0 0 0 0 1 1 1 1 0 1 0 0 0 1
ITA00260-001  0 0 0 0 1 0 0 0 0 0 1 1 1 1 0 1 1 1 0 1
ITA00260-002  0 0 0 0 1 0 0 0 0 0 0 1 0 1 1 0 0 0 0 0
ITA00260-002  0 0 0 0 1 0 0 0 0 0 1 1 1 1 0 1 0 0 1 1
ITA00260-004  0 0 0 0 1 1 0 1 0 0 0 1 0 1 1 0 0 0 0 0
ITA00260-004  0 0 0 0 0 0 0 0 0 0 0 0 0 0 0 0 1 0 0 0
ITA00260-005  0 0 0 0 1 1 0 1 0 0 0 1 0 1 1 0 0 0 0 0
ITA00260-005  0 0 0 0 1 1 0 1 0 0 1 1 1 1 0 1 1 1 0 1
ITA00260-006  0 0 0 0 1 1 0 1 0 0 0 1 0 1 1 0 0 0 0 0
ITA00260-006  0 0 0 0 1 0 0 0 0 0 1 1 1 1 0 1 1 0 0 0
ITA00260-007  0 0 0 0 1 0 0 0 0 0 0 1 0 1 1 0 1 0 0 0
ITA00260-007  0 0 0 0 1 0 0 0 0 0 0 0 0 0 0 0 1 1 1 1
ITA00260-008  0 0 0 0 1 0 0 0 0 0 0 1 0 1 1 0 0 -9 0 0
ITA00260-008  0 1 0 0 1 0 0 0 0 0 0 1 0 1 1 0 1 -9 0 0
ITA00260-009  0 0 0 0 1 1 1 1 0 0 0 1 0 1 1 0 1 0 0 0
ITA00260-009  0 0 0 0 1 1 1 1 0 0 0 1 0 1 1 0 1 1 0 1
AUT00179-016  -9 0 0 0 1 1 1 1 0 0 0 1 0 1 1 0 0 0 0 1
AUT00179-016  -9 0 0 0 1 0 0 0 0 0 0 1 0 1 0 0 1 0 0 1
ITA00260-010  0 0 0 0 1 0 0 0 0 0 0 1 0 1 1 0 1 0 0 0
ITA00260-010  0 1 0 0 1 0 0 0 0 0 0 0 0 0 0 0 1 1 1 0
ITA00260-011  0 0 0 0 1 0 0 0 0 0 0 1 0 1 1 0 0 0 0 0
ITA00260-011  0 0 0 0 1 0 0 0 0 1 0 1 0 1 1 0 1 1 0 0
ITA00260-012  0 0 0 0 1 0 0 0 0 0 0 1 0 1 1 0 0 0 0 0
ITA00260-012  0 0 0 0 1 0 0 0 0 0 0 1 0 1 1 0 1 0 0 0
ITA00260-013  0 0 0 0 1 1 0 1 0 0 0 1 0 1 1 0 0 0 0 0
ITA00260-013  0 0 0 0 1 1 0 1 0 0 0 0 0 0 0 0 0 1 1 0
ITA00260-014  0 0 0 0 1 0 0 0 0 0 0 1 0 1 1 0 0 0 0 0
ITA00260-014  0 0 0 0 1 0 0 0 0 1 0 1 0 1 1 0 1 0 0 0
ITA00260-015  0 0 0 0 1 1 0 1 0 0 0 1 0 1 1 0 0 0 0 0
ITA00260-015  0 0 0 1 1 0 0 0 0 1 0 0 0 0 0 0 1 0 0 1
ITA00260-016  0 0 0 0 1 0 0 0 0 0 0 1 0 1 1 0 1 0 0 0
ITA00260-016  0 0 0 0 1 0 0 0 0 0 0 1 0 1 1 0 1 0 0 0
ITA00260-017  0 0 0 0 1 1 0 1 0 0 0 1 0 1 1 0 1 0 0 0
ITA00260-017  0 0 0 1 1 0 0 0 0 0 0 1 0 1 1 0 1 1 0 1
ITA00260-018  0 0 0 0 1 0 0 0 0 0 0 1 0 1 1 0 0 0 0 0
ITA00260-018  0 0 0 1 0 0 0 0 0 1 0 0 0 0 0 0 1 0 0 0
ITA00260-019  0 0 0 0 1 1 0 1 0 0 0 0 0 0 0 0 0 0 0 0
ITA00260-019  0 0 0 0 1 1 0 1 0 0 0 0 0 0 0 0 1 1 0 1
AUT00179-017  -9 0 0 0 1 1 0 1 0 1 0 1 0 1 1 0 0 0 0 0
AUT00179-017  -9 0 0 0 1 0 0 0 0 1 0 1 0 1 1 0 1 1 0 1
ITA00260-020  0 0 0 0 1 1 0 1 0 0 0 1 0 1 0 0 1 0 0 0
ITA00260-020  0 0 0 0 1 1 0 1 0 0 1 0 1 0 0 1 1 1 1 0
ITA00260-021  0 0 0 0 1 0 0 0 0 0 0 1 0 1 1 0 0 0 0 0
ITA00260-021  0 1 0 0 1 0 0 0 0 0 0 1 0 1 1 0 0 0 1 0
ITA00260-022  0 0 0 0 1 1 1 1 0 0 0 1 0 1 1 0 0 0 0 0
ITA00260-022  0 0 0 0 1 0 0 0 0 0 0 1 0 1 1 0 1 0 0 1
ITA00260-023  0 0 0 0 1 0 0 0 0 0 0 1 0 1 1 0 0 0 0 0
ITA00260-023  0 1 0 0 0 0 0 0 0 1 0 1 0 1 1 0 1 0 1 1
ITA00260-024  0 0 0 0 1 0 0 0 0 0 0 1 0 1 -9 0 1 0 0 1
ITA00260-024  1 0 0 0 1 0 0 0 0 0 1 0 1 0 -9 1 1 0 0 1
ITA00260-025  0 0 0 0 1 0 0 0 0 0 0 1 0 1 1 0 0 0 0 0
ITA00260-025  0 0 0 0 1 0 0 0 0 1 0 1 0 1 1 0 1 0 0 0
ROU00358-001  0 0 0 0 1 1 0 1 0 0 0 0 0 -9 0 0 0 0 0 0
ROU00358-001  1 0 0 0 1 0 0 0 0 0 0 0 0 -9 0 0 1 0 0 0
ROU00358-002  0 0 0 0 1 1 0 1 0 0 0 1 0 1 1 0 1 0 1 -9
ROU00358-002  1 0 0 0 1 0 0 0 0 0 0 0 0 0 0 0 1 0 1 -9
ROU00358-003  0 0 0 0 1 1 0 1 0 0 0 1 0 1 1 0 1 0 0 0
ROU00358-003  1 1 0 0 0 0 0 0 0 0 0 1 0 1 1 0 1 0 1 0
AUT00179-018  0 0 0 1 1 0 0 0 0 0 0 1 0 1 1 0 0 0 1 0
AUT00179-018  0 0 0 1 0 0 0 0 0 0 0 1 0 1 1 0 0 0 1 1
ROU00358-005  0 0 0 0 1 1 0 1 0 0 0 1 0 1 1 0 0 0 0 0
ROU00358-005  1 1 0 0 1 0 0 0 0 0 0 1 0 1 1 0 1 0 1 0
ROU00358-006  0 0 0 0 1 1 1 1 0 0 0 1 0 1 1 0 0 0 0 -9
ROU00358-006  1 1 0 0 1 1 0 1 0 0 0 1 0 1 1 0 1 0 1 -9
ROU00358-007  1 0 0 0 1 1 1 1 0 0 0 1 0 1 1 0 1 0 0 0
ROU00358-007  1 0 0 0 1 1 0 1 0 0 0 1 0 1 1 0 1 0 0 0
ROU00358-008  1 0 0 0 1 1 0 1 0 0 0 1 0 1 1 0 0 0 0 0
ROU00358-008  1 0 0 0 1 0 0 0 0 0 0 1 0 1 1 0 0 0 0 0
ROU00358-009  0 0 0 -9 1 1 1 1 0 0 0 1 0 1 1 0 0 0 0 0
ROU00358-009  1 0 0 -9 1 1 0 1 0 0 0 1 0 1 1 0 1 0 0 1
ROU00358-010  0 0 0 0 1 1 0 1 0 0 0 1 0 1 1 0 0 0 0 0
ROU00358-010  1 1 0 0 1 0 0 0 0 0 0 1 0 1 1 0 1 0 0 1
ROU00358-011  1 0 0 0 1 1 1 1 0 0 0 1 0 1 1 0 0 0 0 0
ROU00358-011  1 0 0 0 1 1 0 1 0 0 0 1 0 1 1 0 1 0 1 1
ROU00358-012  1 0 0 0 1 1 0 1 0 0 0 1 0 1 1 0 1 0 0 0
ROU00358-012  1 0 0 0 1 1 0 1 0 0 0 1 0 1 1 0 1 0 1 1
ROU00358-013  0 0 0 -9 1 1 0 1 0 0 0 1 0 1 1 0 0 -9 0 0
ROU00358-013  1 1 0 -9 1 1 0 1 0 0 0 1 0 1 1 0 1 -9 1 0
ROU00358-014  0 0 0 0 1 1 1 1 0 0 0 1 0 1 1 0 0 0 0 0
ROU00358-014  0 0 0 0 1 1 0 1 0 0 0 1 0 1 1 0 1 0 1 0
AUT00179-019  -9 0 0 0 1 1 0 1 0 0 0 1 0 1 1 0 0 0 0 0
AUT00179-019  -9 0 0 1 1 0 0 0 0 0 0 0 0 0 0 0 0 0 0 1
ROU00358-015  -9 0 0 -9 1 1 0 1 0 0 0 1 0 1 1 0 0 0 0 1
ROU00358-015  -9 0 0 -9 1 1 0 1 0 0 0 0 0 0 0 0 1 0 1 1
ROU00358-016  0 0 0 0 1 1 0 1 0 0 0 1 0 1 1 0 0 0 0 0
ROU00358-016  0 1 0 0 1 0 0 0 0 0 0 0 0 0 0 0 1 0 1 1
ROU00358-017  1 0 0 0 1 1 0 1 0 0 0 1 0 1 1 0 1 0 0 0
ROU00358-017  1 0 0 0 1 1 0 1 0 0 0 0 0 0 0 0 1 0 0 0
ROU00358-018  1 0 0 0 1 1 1 1 0 0 0 1 0 1 1 0 1 0 1 0
ROU00358-018  1 0 0 1 1 0 0 0 0 0 0 0 0 0 0 0 1 0 1 1
ROU00358-019  0 0 0 0 1 1 1 1 0 0 0 1 0 1 1 0 1 0 0 0
ROU00358-019  1 0 0 0 1 1 1 1 0 0 0 1 0 1 1 0 1 0 0 1
ROU00358-020  0 0 0 0 1 1 0 1 0 0 0 1 0 1 1 0 1 0 0 0
ROU00358-020  1 0 0 0 1 1 0 1 0 0 0 0 0 0 0 0 1 0 0 1
ROU00358-021  0 0 0 0 1 1 0 1 0 0 0 1 0 1 1 0 0 0 0 0
ROU00358-021  1 0 0 0 1 0 0 0 0 0 0 1 0 1 1 0 1 0 1 1
ROU00358-022  0 0 0 0 1 1 1 1 0 0 0 1 0 1 1 0 1 0 0 0
ROU00358-022  1 1 0 0 1 1 0 1 0 0 0 1 0 1 1 0 1 0 1 0
ROU00358-023  -9 0 0 0 1 1 0 1 0 0 0 1 0 1 1 0 0 0 0 1
ROU00358-023  -9 0 0 0 1 1 0 1 0 0 0 1 0 1 1 0 1 0 1 1
ROU00358-024  -9 0 0 0 1 1 0 1 0 0 0 1 0 1 1 0 1 0 0 0
ROU00358-024  -9 0 0 0 1 0 0 0 0 0 0 1 0 1 1 0 1 0 1 1
AUT00179-002  0 0 0 0 1 1 0 1 0 0 0 1 0 1 1 0 0 0 0 0
AUT00179-002  1 0 0 0 1 1 0 1 0 0 0 1 0 1 1 0 1 1 1 0
AUT00179-020  0 0 0 0 1 1 1 1 0 0 0 1 0 1 1 0 0 0 0 0
AUT00179-020  1 0 0 0 1 1 1 1 0 0 0 1 0 1 1 0 1 0 1 1
ROU00358-025  -9 0 0 0 1 1 0 1 0 0 0 1 0 1 1 0 1 0 -9 -9
ROU00358-025  -9 1 0 0 1 0 0 0 0 0 0 1 0 1 1 0 1 0 -9 -9
ROU00104-001  0 0 0 -9 1 1 0 1 0 0 0 1 0 1 1 0 0 0 0 1
ROU00104-001  1 1 0 -9 1 1 0 1 0 0 0 1 0 1 1 0 1 0 1 1
ROU00104-002  0 0 0 0 1 1 0 1 0 0 0 1 0 1 1 0 0 0 1 1
ROU00104-002  1 0 0 0 1 0 0 0 0 0 1 1 1 1 0 1 1 0 1 1
ROU00104-003  0 0 0 0 1 1 0 1 0 0 0 1 0 1 1 0 1 0 0 0
ROU00104-003  1 1 0 0 1 0 0 0 0 1 0 1 0 1 1 0 1 0 1 1
ROU00104-004  -9 0 0 0 1 1 1 1 0 0 0 1 0 1 1 0 0 0 0 0
ROU00104-004  -9 0 0 0 1 0 0 0 0 0 0 1 0 1 1 0 1 0 1 1
ROU00104-005  1 0 0 0 1 1 -9 1 0 0 0 1 0 1 1 0 1 0 0 0
ROU00104-005  1 0 0 0 1 0 -9 0 0 0 0 1 0 1 1 0 1 0 0 0
ROU00104-006  0 0 0 0 1 -9 1 1 0 0 0 1 0 1 1 -9 1 0 0 0
ROU00104-006  1 0 0 0 1 -9 0 1 0 0 0 1 0 1 1 -9 1 0 1 0
ROU00104-007  1 0 0 -9 1 1 0 1 0 -9 0 1 0 1 1 0 0 -9 0 0
ROU00104-007  1 0 0 -9 1 0 0 0 0 -9 1 1 1 1 0 1 1 -9 0 0
ROU00104-008  1 0 0 0 1 1 1 1 0 0 0 1 0 1 1 0 1 0 0 0
ROU00104-008  1 0 0 0 1 0 0 0 0 0 0 1 0 1 1 0 1 1 1 0
ROU00104-009  -9 0 0 0 1 1 1 1 0 0 0 1 0 1 1 0 1 0 0 -9
ROU00104-009  -9 1 0 0 1 0 0 0 0 0 0 1 0 1 1 0 1 0 1 -9
AUT00179-021  -9 0 0 -9 1 1 0 1 0 0 0 1 0 1 1 0 0 0 1 0
AUT00179-021  -9 0 0 -9 1 0 0 0 0 0 0 0 0 0 0 0 1 0 1 1
ROU00104-010  -9 0 0 0 1 1 0 1 0 0 0 1 0 1 1 0 0 0 0 0
ROU00104-010  -9 0 0 0 1 1 0 1 0 0 0 1 0 1 1 0 1 0 0 0
ROU00104-011  0 0 0 0 1 1 0 1 0 0 0 1 0 1 1 0 1 0 0 0
ROU00104-011  1 0 0 0 1 1 0 1 0 1 0 1 0 1 1 0 1 0 1 1
ROU00104-012  -9 0 0 0 1 -9 0 1 0 0 0 1 0 1 1 0 1 0 0 0
ROU00104-012  -9 0 0 0 1 -9 0 1 0 1 0 1 0 1 1 0 1 0 0 1
ROU00104-013  0 0 0 0 1 1 0 1 0 0 0 1 0 1 1 0 0 0 0 0
ROU00104-013  1 0 0 0 1 0 0 0 0 0 0 1 0 1 1 0 1 0 1 1
ROU00104-014  0 0 0 -9 1 1 -9 1 0 0 0 1 0 1 1 0 1 0 0 0
ROU00104-014  1 0 0 -9 1 0 -9 0 0 0 0 1 0 1 1 0 1 0 0 0
ROU00104-015  1 0 0 -9 1 1 0 1 0 0 0 1 0 1 1 0 1 0 0 0
ROU00104-015  1 0 0 -9 1 0 0 0 0 0 0 1 0 1 1 0 1 0 1 1
ROU00104-016  -9 0 0 0 1 1 0 1 0 0 0 1 0 1 1 0 1 0 0 -9
ROU00104-016  -9 0 0 1 1 0 0 0 0 0 0 1 0 1 1 0 1 0 0 -9
ROU00104-018  1 0 0 -9 1 1 1 1 0 0 0 1 0 1 1 0 0 0 0 0
ROU00104-018  1 0 0 -9 1 0 0 0 0 0 1 1 1 1 0 1 1 0 1 1
ROU00104-019  -9 0 0 0 1 1 0 1 0 0 0 1 0 1 1 0 0 0 0 -9
ROU00104-019  -9 0 0 0 1 1 0 1 0 0 0 1 0 1 1 0 1 0 0 -9
AUT00179-022  1 0 0 0 1 1 1 1 0 0 0 1 0 1 1 0 0 0 0 1
AUT00179-022  1 0 0 1 0 0 0 0 0 1 0 0 0 0 0 0 1 0 0 1
ROU00104-020  0 0 0 0 1 1 0 1 0 0 0 1 0 1 1 0 1 0 0 0
ROU00104-020  1 1 0 0 1 1 0 1 0 0 0 1 0 1 1 0 1 0 0 0
ROU00104-021  0 0 0 0 1 1 0 1 0 0 0 1 0 1 1 0 1 0 0 0
ROU00104-021  1 1 0 0 1 0 0 0 0 1 0 1 0 1 1 0 1 0 1 0
ROU00104-022  1 0 0 0 1 -9 -9 1 0 0 0 1 0 1 1 0 0 0 0 0
ROU00104-022  1 0 0 0 1 -9 -9 0 0 0 0 1 0 1 1 0 1 0 0 0
ROU00104-023  -9 0 0 0 1 1 1 1 0 0 0 1 0 1 1 0 1 0 -9 0
ROU00104-023  -9 0 0 0 1 0 0 0 0 0 1 1 1 1 0 1 1 0 -9 1
ROU00104-024  0 0 0 0 1 1 1 1 0 0 0 1 0 1 1 0 1 0 0 0
ROU00104-024  1 0 0 0 1 0 0 0 0 0 0 1 0 1 1 0 1 0 0 1
ROU00104-025  0 0 0 0 1 1 0 1 0 0 0 1 0 1 1 0 1 0 0 0
ROU00104-025  1 0 0 0 1 0 0 0 0 0 1 1 1 1 0 1 1 0 0 1
ROU00389-001  0 0 0 0 1 0 0 0 0 0 0 1 0 1 1 0 0 0 1 0
ROU00389-001  1 0 0 0 1 0 0 0 0 1 0 1 0 1 1 0 1 0 1 1
ROU00389-002  0 0 0 0 1 1 0 1 0 0 0 1 0 1 -9 0 0 0 0 1
ROU00389-002  1 0 0 0 1 0 0 0 0 1 0 1 0 1 -9 0 1 0 1 1
ROU00389-003  0 0 0 0 1 1 0 1 0 0 0 1 0 1 1 0 1 0 1 1
ROU00389-003  0 0 0 0 1 1 0 1 0 0 0 1 0 1 1 0 1 1 1 1
ROU00389-004  0 0 0 0 1 1 1 1 0 0 0 1 0 1 1 0 0 0 0 0
ROU00389-004  1 0 0 0 1 1 1 1 0 0 1 1 1 1 0 1 1 0 1 0
AUT00179-023  0 0 0 0 1 0 0 0 0 0 0 1 0 1 1 0 0 0 -9 1
AUT00179-023  0 1 0 0 1 0 0 0 0 0 1 0 1 0 0 1 0 1 -9 1
ROU00389-005  0 0 0 0 1 1 0 1 0 0 0 1 0 1 1 0 0 0 0 1
ROU00389-005  1 1 0 0 1 1 0 1 0 0 0 1 0 1 1 0 1 0 0 1
ROU00389-006  0 0 0 0 1 1 1 1 0 0 0 1 0 1 1 0 0 0 0 0
ROU00389-006  1 0 0 0 1 1 0 1 0 0 0 1 0 1 1 0 0 0 1 0
ROU00389-007  0 0 0 0 1 1 0 1 0 0 0 1 0 1 1 0 1 0 0 0
ROU00389-007  0 1 0 0 1 1 0 1 0 0 0 1 0 1 1 0 1 0 1 0
ROU00389-008  0 0 0 0 1 1 0 1 0 0 0 1 0 1 -9 0 0 0 1 -9
ROU00389-008  1 1 0 0 1 1 0 1 0 0 0 1 0 1 -9 0 1 0 1 -9
ROU00389-009  0 0 0 0 1 1 0 1 0 0 0 1 0 1 1 0 0 0 0 0
ROU00389-009  1 0 0 0 1 1 0 1 0 0 0 1 0 1 1 0 1 0 1 0
ROU00389-010  1 0 0 0 1 -9 0 1 0 -9 0 1 0 1 1 0 0 -9 0 0
ROU00389-010  1 0 0 0 1 -9 0 1 0 -9 0 1 0 1 1 0 1 -9 0 1
ROU00389-011  0 0 0 0 1 1 0 1 0 0 0 1 0 1 1 0 1 0 0 0
ROU00389-011  1 0 1 0 1 1 0 1 0 0 0 1 0 1 1 0 1 0 1 0
ROU00389-012  0 0 0 0 1 1 1 1 0 -9 0 1 0 1 1 0 1 0 1 -9
ROU00389-012  1 0 0 0 1 1 0 1 0 -9 0 1 0 1 1 0 1 0 1 -9
ROU00389-013  1 0 0 -9 1 1 0 1 0 0 0 1 0 1 1 0 1 0 0 0
ROU00389-013  1 0 0 -9 1 1 0 1 0 0 0 1 0 1 1 0 1 0 1 0
ROU00389-014  -9 0 0 -9 1 1 -9 1 0 0 0 1 0 1 1 0 1 -9 -9 -9
ROU00389-014  -9 0 0 -9 1 1 -9 1 0 0 0 1 0 1 1 0 1 -9 -9 -9
AUT00179-024  0 0 0 -9 1 -9 1 1 0 0 0 1 0 1 1 0 0 0 0 0
AUT00179-024  0 0 0 -9 1 -9 0 1 0 1 1 1 1 1 0 1 0 0 1 0
ROU00389-015  0 0 0 0 1 1 0 1 0 0 0 1 0 1 1 0 1 0 0 1
ROU00389-015  1 0 1 0 1 0 0 0 0 0 0 1 0 1 1 0 1 0 1 1
ROU00389-016  1 0 0 0 1 1 1 1 0 0 0 1 0 1 1 0 1 0 0 0
ROU00389-016  1 0 0 0 1 1 0 1 0 0 0 1 0 1 1 1 1 0 1 1
ROU00389-017  -9 0 0 0 1 1 1 1 0 0 0 1 0 -9 1 0 1 0 0 0
ROU00389-017  -9 0 0 0 1 1 0 1 0 0 0 1 0 -9 0 0 1 0 1 1
ROU00389-018  -9 0 0 0 1 1 0 1 0 0 0 1 0 1 1 0 1 0 0 0
ROU00389-018  -9 0 0 0 1 1 0 1 0 0 0 1 0 1 1 0 1 0 1 1
ROU00389-019  -9 0 0 0 1 1 0 1 0 0 0 1 0 1 1 0 0 0 0 1
ROU00389-019  -9 0 0 0 1 1 0 1 0 0 0 1 0 1 1 0 1 0 0 1
ROU00389-020  -9 0 0 0 1 -9 -9 1 0 0 0 1 0 1 1 0 1 0 1 1
ROU00389-020  -9 0 0 0 1 -9 -9 0 0 0 0 1 0 1 1 0 1 0 1 1
ROU00389-021  0 0 0 -9 1 1 0 1 0 0 0 1 0 1 1 0 0 0 0 0
ROU00389-021  0 1 0 -9 1 1 0 1 0 0 0 1 0 1 1 0 1 0 1 1
ROU00389-022  -9 0 0 0 1 1 1 1 0 0 0 1 0 1 1 0 1 0 0 -9
ROU00389-022  -9 0 0 0 1 0 0 0 0 0 0 1 0 1 1 0 1 0 1 -9
ROU00389-023  -9 0 0 -9 1 1 0 1 0 0 0 1 0 1 1 0 1 0 0 0
ROU00389-023  -9 0 0 -9 1 0 0 0 0 0 0 1 0 1 1 0 1 0 1 0
ROU00389-024  1 0 0 -9 1 1 1 1 0 0 0 1 0 1 1 0 1 0 0 0
ROU00389-024  1 0 0 -9 1 1 0 1 0 0 1 1 1 1 0 1 1 0 1 1
AUT00179-025  0 0 0 -9 1 1 0 1 0 0 0 1 0 1 1 0 0 0 1 0
AUT00179-025  0 0 0 -9 1 0 0 0 0 0 1 1 1 1 0 1 1 1 1 1
ROU00389-025  0 0 0 0 1 1 1 1 0 0 -9 1 0 1 1 0 0 0 1 1
ROU00389-025  1 0 0 0 1 0 0 0 0 0 -9 1 0 1 1 0 1 0 1 1
ROU00477-001  1 0 0 -9 1 1 -9 1 0 0 0 1 0 1 1 0 0 0 -9 0
ROU00477-001  1 0 0 -9 1 1 -9 1 0 0 0 0 0 0 0 0 1 0 -9 1
ROU00477-006  0 0 0 -9 1 1 1 1 0 0 -9 1 0 1 1 0 1 -9 -9 0
ROU00477-006  0 1 0 -9 1 0 0 0 0 0 -9 1 0 1 1 0 1 -9 -9 0
ROU00477-007  -9 0 0 -9 -9 1 0 -9 0 0 -9 1 0 1 1 0 -9 0 -9 -9
ROU00477-007  -9 1 0 -9 -9 1 0 -9 0 0 -9 1 0 1 1 0 -9 0 -9 -9
ROU00477-008  -9 0 0 0 1 0 0 -9 0 -9 0 1 0 1 1 0 1 0 0 0
ROU00477-008  -9 0 0 0 1 0 0 -9 0 -9 0 0 0 0 0 0 1 0 0 1
ROU00477-009  -9 -9 0 -9 -9 0 0 0 0 0 0 -9 0 1 1 -9 1 -9 -9 1
ROU00477-009  -9 -9 0 -9 -9 0 0 0 0 1 0 -9 0 1 0 -9 1 -9 -9 1
AUT00215-001  0 0 0 0 1 1 1 1 0 0 0 1 0 1 1 0 0 0 0 0
AUT00215-001  0 1 0 1 1 1 1 1 0 0 0 0 0 0 0 0 1 0 1 0
ROU00477-010  -9 0 0 0 1 1 0 1 0 -9 0 1 0 1 1 0 1 0 0 -9
ROU00477-010  -9 0 0 0 1 0 0 0 0 -9 0 1 0 1 1 0 1 0 1 -9
ROU00477-011  -9 0 0 0 1 1 1 -9 0 0 0 1 -9 1 1 -9 1 -9 1 0
ROU00477-011  -9 0 0 0 1 1 0 -9 0 0 0 0 -9 0 0 -9 1 -9 1 1
ROU00477-012  0 0 0 -9 1 -9 0 1 0 0 0 1 0 1 1 0 1 -9 -9 -9
ROU00477-012  1 0 0 -9 1 -9 0 1 0 0 0 1 0 1 1 0 1 -9 -9 -9
ROU00477-013  -9 0 0 -9 1 1 1 1 0 -9 0 1 0 1 1 -9 1 -9 0 0
ROU00477-013  -9 1 0 -9 1 1 0 1 0 -9 0 0 0 0 0 -9 1 -9 1 1
ROU00477-015  -9 0 0 -9 1 1 0 1 0 0 0 1 0 1 1 0 1 0 0 -9
ROU00477-015  -9 0 0 -9 1 1 0 1 0 0 0 1 0 1 1 0 1 0 0 -9
ROU00477-016  -9 0 0 -9 1 -9 0 1 0 0 0 1 0 1 -9 -9 0 0 0 0
ROU00477-016  -9 0 0 -9 1 -9 0 0 0 0 0 1 0 1 -9 -9 1 0 0 1
ROU00477-017  0 0 0 -9 1 -9 -9 1 0 0 0 1 0 1 1 -9 1 0 0 0
ROU00477-017  1 0 0 -9 1 -9 -9 0 0 0 0 1 0 1 1 -9 1 0 1 0
ROU00477-018  1 0 0 0 1 1 1 1 -9 0 0 -9 0 -9 1 0 1 0 0 -9
ROU00477-018  1 0 0 0 1 0 0 0 -9 0 1 -9 1 -9 0 1 1 1 1 -9
AUT00215-002  0 0 0 0 1 0 0 0 0 0 0 1 0 1 1 0 0 0 0 1
AUT00215-002  0 1 0 0 1 0 0 0 0 0 0 0 0 0 0 0 1 0 1 1
ROU00477-020  -9 0 0 -9 1 -9 0 -9 0 -9 0 1 0 1 1 0 0 -9 0 -9
ROU00477-020  -9 1 0 -9 1 -9 0 -9 0 -9 0 0 0 0 0 0 1 -9 1 -9
ROU00477-022  -9 0 0 -9 1 -9 1 -9 0 0 0 1 0 1 1 0 1 0 -9 0
ROU00477-022  -9 1 0 -9 1 -9 0 -9 0 0 0 1 0 1 1 0 1 0 -9 1
ROU00477-023  -9 0 0 -9 1 -9 -9 1 0 0 0 1 0 1 1 -9 0 0 -9 0
ROU00477-023  -9 1 0 -9 1 -9 -9 1 0 0 0 1 0 1 1 -9 1 0 -9 1
ROU00477-024  -9 0 0 -9 1 -9 -9 -9 0 -9 0 1 -9 1 1 0 0 0 -9 -9
ROU00477-024  -9 0 0 -9 1 -9 -9 -9 0 -9 0 1 -9 1 1 0 1 0 -9 -9
ROU00477-025  -9 0 0 0 1 1 1 1 0 0 0 1 0 1 1 0 1 0 1 -9
ROU00477-025  -9 0 0 0 1 1 0 1 0 0 0 1 0 1 1 0 1 0 1 -9
DEU00114-001  -9 0 0 0 1 1 0 1 0 0 0 1 0 1 1 0 1 0 0 0
DEU00114-001  -9 0 0 0 1 0 0 0 0 0 0 0 0 0 0 0 1 0 1 0
DEU00114-002  0 0 0 0 1 0 0 0 0 0 0 1 0 1 1 0 0 0 0 0
DEU00114-002  0 0 0 0 1 0 0 0 0 0 1 1 1 1 0 1 1 0 1 0
DEU00114-003  0 0 0 0 1 1 0 1 0 0 0 1 0 1 1 0 0 0 0 0
DEU00114-003  0 1 0 0 1 0 0 0 0 1 1 1 1 1 0 1 1 0 0 1
DEU00114-004  0 0 0 0 0 0 0 0 0 0 0 1 0 1 1 0 1 0 0 0
DEU00114-004  0 0 0 1 0 0 0 0 0 0 0 1 0 1 1 0 1 0 1 0
AUT00215-003  0 1 0 0 1 0 0 0 0 0 0 1 0 1 1 0 0 0 0 0
AUT00215-003  0 1 0 0 0 0 0 0 0 0 0 0 0 0 0 0 1 0 1 1
DEU00114-005  0 1 0 0 1 1 1 1 0 0 0 1 0 1 1 0 0 0 0 0
DEU00114-005  0 1 0 1 0 0 0 0 0 0 0 0 0 0 0 0 1 1 1 1
DEU00114-006  0 0 0 0 1 1 0 1 0 0 0 1 0 1 1 0 0 0 0 0
DEU00114-006  1 1 0 0 1 0 0 0 0 0 0 0 0 0 0 0 1 0 1 1
DEU00114-007  -9 0 0 0 1 0 0 0 0 0 0 1 0 1 1 0 0 0 0 0
DEU00114-007  -9 0 0 0 0 0 0 0 0 0 0 1 0 1 1 0 1 0 1 1
DEU00114-008  0 0 0 0 1 1 1 1 0 0 0 1 0 1 1 0 1 0 0 0
DEU00114-008  0 0 0 0 1 0 0 0 0 0 1 1 1 1 0 1 1 0 0 1
DEU00114-009  0 0 0 -9 1 0 0 0 0 0 0 1 0 1 1 0 0 0 1 0
DEU00114-009  1 1 0 -9 1 0 0 0 0 0 1 1 1 1 0 1 1 0 1 0
DEU00114-010  -9 0 0 0 1 1 0 1 0 0 1 1 -9 1 -9 1 0 0 0 1
DEU00114-010  -9 0 0 0 1 0 0 0 0 0 1 1 -9 1 -9 1 1 0 1 1
DEU00114-011  -9 0 0 0 1 1 1 -9 0 -9 0 1 0 1 1 0 0 0 -9 0
DEU00114-011  -9 1 0 0 1 1 0 -9 0 -9 1 1 1 1 0 1 1 0 -9 1
DEU00114-012  0 0 0 0 1 1 0 1 0 0 0 1 0 1 1 0 1 0 0 0
DEU00114-012  0 0 0 0 1 0 0 0 0 0 0 1 0 1 1 0 1 0 0 0
DEU00114-013  -9 0 0 0 1 0 0 0 0 0 0 1 0 1 1 0 0 0 0 0
DEU00114-013  -9 1 0 0 1 0 0 0 0 0 0 1 0 1 1 0 1 0 0 1
DEU00114-014  -9 0 0 -9 1 1 1 -9 0 0 -9 1 0 1 1 0 1 0 0 -9
DEU00114-014  -9 0 0 -9 1 1 1 -9 0 0 -9 1 0 1 1 0 1 0 1 -9
DEU00114-015  -9 0 0 -9 1 1 1 1 0 -9 0 1 0 1 -9 0 0 0 -9 0
DEU00114-015  -9 0 0 -9 1 0 0 0 0 -9 1 1 1 1 -9 1 1 0 -9 1
DEU00114-016  0 0 0 0 1 1 1 1 0 0 0 1 0 1 -9 0 0 0 0 -9
DEU00114-016  0 1 0 0 1 1 1 1 0 1 0 1 0 1 -9 0 0 0 1 -9
DEU00114-017  -9 0 0 -9 1 -9 1 1 0 0 0 1 0 1 1 0 1 0 -9 0
DEU00114-017  -9 0 0 -9 1 -9 0 0 0 0 0 1 0 1 1 0 1 0 -9 1
DEU00114-018  0 0 0 -9 1 1 1 1 0 0 0 1 0 1 1 0 0 0 0 0
DEU00114-018  0 1 0 -9 1 0 0 0 0 0 0 1 0 1 1 0 1 0 0 0
DEU00114-019  0 0 0 0 1 1 1 1 0 -9 0 1 0 1 0 0 1 0 -9 0
DEU00114-019  0 0 0 0 1 0 0 0 0 -9 1 0 1 0 0 1 1 0 -9 0
DEU00114-020  0 0 0 0 1 1 1 1 0 0 0 1 0 1 1 0 0 0 0 0
DEU00114-020  0 1 0 1 1 0 0 0 0 0 0 0 0 0 0 0 1 0 1 1
DEU00114-021  0 0 0 0 1 1 1 1 0 0 0 1 0 1 0 0 0 0 1 0
DEU00114-021  0 1 0 1 1 0 0 0 0 1 1 0 1 0 0 1 1 0 1 1
DEU00114-022  0 -9 0 -9 1 -9 0 1 0 0 0 1 0 1 1 0 0 0 1 0
DEU00114-022  0 -9 0 -9 1 -9 0 0 0 0 0 0 0 0 0 0 1 0 1 1
DEU00114-023  -9 0 0 -9 1 -9 -9 1 0 0 0 0 0 0 0 0 0 0 -9 -9
DEU00114-023  -9 0 0 -9 0 -9 -9 0 0 0 0 0 0 0 0 0 1 1 -9 -9
DEU00114-024  -9 0 0 0 1 1 0 1 0 0 0 1 0 1 0 0 0 0 0 0
DEU00114-024  -9 1 0 0 1 0 0 0 0 0 1 0 1 0 0 1 1 0 0 1
AUT00179-003  -9 0 0 0 1 1 0 1 0 0 0 1 0 1 -9 0 1 0 0 0
AUT00179-003  -9 0 0 0 1 0 0 0 0 1 1 0 1 0 -9 1 1 0 0 1
AUT00215-005  0 1 0 0 1 1 1 1 0 0 0 1 0 1 1 0 0 0 0 0
AUT00215-005  0 1 0 0 1 1 0 1 0 0 0 0 0 0 0 0 1 0 1 0
DEU00114-025  0 0 0 0 1 1 1 1 0 0 0 1 0 1 1 0 1 0 1 0
DEU00114-025  0 0 0 0 1 0 0 0 0 0 1 1 1 1 0 1 1 0 1 1
FRA00006-001  0 0 0 0 1 1 0 1 0 0 0 1 0 1 1 0 0 0 0 1
FRA00006-001  0 0 0 0 1 1 0 1 0 0 0 1 0 1 1 0 1 0 0 1
FRA00006-002  0 0 0 0 1 1 0 1 0 -9 0 1 0 1 1 0 0 0 0 0
FRA00006-002  0 0 0 0 1 1 0 1 0 -9 0 1 0 1 1 0 1 0 0 1
FRA00006-003  0 0 0 -9 1 1 0 1 0 0 0 1 0 1 1 0 1 0 -9 0
FRA00006-003  0 0 0 -9 1 1 0 1 0 0 0 1 0 1 1 0 1 0 -9 0
FRA00006-004  0 0 0 0 1 1 0 1 0 -9 0 1 0 1 1 0 0 0 0 0
FRA00006-004  0 0 0 0 1 0 0 0 0 -9 0 0 0 0 0 0 1 0 0 1
FRA00006-007  -9 0 0 0 1 1 -9 1 0 0 0 1 0 1 1 0 0 0 0 0
FRA00006-007  -9 1 0 0 1 0 -9 0 0 0 0 1 0 1 1 0 0 1 0 1
FRA00006-008  0 0 0 0 1 1 0 1 0 0 0 1 0 -9 1 -9 0 0 0 1
FRA00006-008  0 1 0 0 1 0 0 0 0 0 0 1 0 -9 1 -9 1 1 0 1
FRA00006-009  0 0 0 0 1 1 0 1 0 0 0 1 0 1 1 0 0 0 0 -9
FRA00006-009  0 1 0 0 1 1 0 1 0 0 0 1 0 1 1 0 0 0 0 -9
AUT00215-006  -9 0 0 -9 1 1 1 1 0 0 0 1 0 1 1 0 0 0 -9 1
AUT00215-006  -9 1 1 -9 1 1 0 1 0 0 0 1 0 1 1 0 1 0 -9 1
FRA00006-010  -9 0 0 0 1 1 1 1 0 0 0 1 0 1 1 0 0 0 0 0
FRA00006-010  -9 0 0 0 1 1 0 1 0 0 0 1 0 1 1 0 1 0 0 1
FRA00006-011  0 0 0 -9 1 0 0 0 0 0 0 1 0 1 1 0 0 0 0 0
FRA00006-011  0 0 0 -9 1 0 0 0 0 0 0 1 0 1 1 0 0 0 0 0
FRA00006-012  0 0 0 0 1 1 0 1 0 -9 0 1 0 1 1 0 0 0 0 1
FRA00006-012  0 0 0 0 1 1 0 1 0 -9 0 1 0 1 1 0 1 1 0 1
FRA00006-014  -9 0 0 -9 1 -9 -9 -9 0 0 0 1 -9 1 1 -9 0 -9 0 -9
FRA00006-014  -9 0 0 -9 1 -9 -9 -9 0 0 0 1 -9 1 1 -9 0 -9 0 -9
FRA00006-015  0 0 0 -9 1 1 0 1 -9 -9 0 1 0 1 1 0 0 0 0 -9
FRA00006-015  0 1 0 -9 1 1 0 1 -9 -9 0 1 0 1 1 0 1 0 0 -9
FRA00006-016  0 0 0 0 1 1 0 1 0 -9 0 1 0 1 1 0 0 0 0 1
FRA00006-016  0 0 0 0 1 1 0 1 0 -9 0 1 0 1 1 0 1 0 0 1
FRA00006-017  -9 1 0 -9 1 -9 -9 0 0 0 0 1 0 1 1 0 0 0 0 0
FRA00006-017  -9 1 0 -9 1 -9 -9 0 0 0 0 0 0 0 0 0 0 0 0 1
FRA00006-018  -9 0 0 0 1 1 0 1 0 0 0 1 0 1 1 0 0 0 0 0
FRA00006-018  -9 0 0 0 1 0 0 0 0 0 0 0 0 0 0 0 1 0 0 1
FRA00006-019  0 0 0 0 1 1 0 1 0 -9 0 1 0 1 1 0 0 0 0 1
FRA00006-019  0 0 0 0 1 1 0 1 0 -9 0 1 0 1 1 0 1 1 0 1
AUT00215-007  0 0 0 0 1 1 1 1 0 0 0 0 0 0 0 0 1 0 0 0
AUT00215-007  0 0 0 0 1 1 0 1 0 0 0 0 0 0 0 0 1 0 1 1
FRA00006-020  0 0 0 0 1 1 0 1 0 -9 0 1 0 1 1 0 0 0 0 1
FRA00006-020  0 0 0 0 1 0 0 0 0 -9 0 1 0 1 1 0 0 1 0 1
FRA00006-021  -9 0 -9 -9 1 1 0 -9 0 0 0 1 0 1 1 0 0 0 0 0
FRA00006-021  -9 0 -9 -9 1 0 0 -9 0 0 0 1 0 1 1 0 0 0 0 1
FRA00006-024  -9 0 0 -9 1 1 0 1 0 0 0 1 0 1 1 -9 0 0 0 1
FRA00006-024  -9 1 0 -9 1 1 0 1 0 0 0 1 0 1 1 -9 1 0 0 1
FRA00006-025  -9 -9 0 -9 1 -9 -9 1 0 0 -9 1 0 1 1 -9 0 -9 0 1
FRA00006-025  -9 -9 0 -9 1 -9 -9 1 0 0 -9 1 0 1 1 -9 1 -9 0 1
ITA00069-001  -9 0 0 0 1 1 1 1 0 0 0 1 0 1 1 0 1 0 0 0
ITA00069-001  -9 0 0 0 1 1 0 1 0 0 0 1 0 1 0 0 1 1 0 1
ITA00069-002  0 0 0 0 1 0 0 0 0 -9 0 1 0 1 1 0 1 0 0 -9
ITA00069-002  0 0 0 0 1 0 0 0 0 -9 1 1 0 1 1 0 1 0 0 -9
ITA00069-003  -9 0 0 0 1 1 0 1 0 -9 0 1 0 1 1 0 1 0 0 0
ITA00069-003  -9 0 0 0 1 0 0 0 0 -9 0 1 0 1 1 0 1 0 0 0
ITA00069-004  -9 0 0 -9 1 1 -9 1 0 0 0 1 0 1 1 0 1 0 0 -9
ITA00069-004  -9 0 0 -9 1 0 -9 0 0 0 1 1 1 1 0 1 1 0 0 -9
AUT00215-008  0 0 0 0 1 1 1 1 0 0 0 1 0 1 1 0 0 0 0 0
AUT00215-008  0 0 0 0 1 1 0 1 0 0 1 1 1 1 0 1 1 0 0 1
ITA00069-005  0 0 0 -9 1 0 0 0 0 -9 0 1 0 1 1 0 1 0 0 0
ITA00069-005  0 0 0 -9 1 0 0 0 0 -9 0 1 0 1 1 0 1 0 0 0
ITA00069-006  0 0 0 0 1 0 0 0 0 0 0 1 0 1 1 0 1 0 0 -9
ITA00069-006  0 0 0 0 1 0 0 0 0 1 0 1 0 1 0 0 1 0 1 -9
ITA00069-007  -9 0 0 0 1 1 0 1 0 0 0 1 0 1 1 0 1 0 0 0
ITA00069-007  -9 0 0 0 1 0 0 0 0 0 0 1 0 1 1 0 1 0 0 1
ITA00069-008  0 0 0 0 1 1 1 1 0 0 0 1 0 1 1 0 0 0 0 1
ITA00069-008  0 0 0 0 1 1 0 1 0 1 1 1 0 1 1 0 1 0 0 1
ITA00069-009  1 0 0 0 1 0 0 0 0 0 0 1 0 1 1 0 1 0 0 1
ITA00069-009  1 0 0 0 1 0 0 0 0 0 1 1 0 1 1 0 1 0 0 1
ITA00069-010  0 0 0 0 1 1 0 1 0 0 0 1 0 1 1 0 0 0 0 -9
ITA00069-010  0 0 1 0 1 0 0 0 0 0 1 1 0 1 1 0 1 0 0 -9
ITA00069-011  0 0 0 0 1 0 0 0 0 0 0 1 0 1 -9 0 0 0 0 1
ITA00069-011  0 0 0 0 1 0 0 0 0 1 1 1 0 1 -9 0 1 0 0 1
ITA00069-012  1 0 0 -9 1 -9 -9 -9 0 0 0 1 0 1 -9 0 1 0 -9 -9
ITA00069-012  1 0 0 -9 1 -9 -9 -9 0 0 1 1 1 1 -9 1 1 0 -9 -9
ITA00069-013  0 0 0 -9 1 0 0 0 0 0 0 1 0 1 1 0 0 -9 -9 0
ITA00069-013  0 0 0 -9 1 0 0 0 0 0 1 1 0 1 0 0 1 -9 -9 0
ITA00069-014  -9 -9 0 -9 -9 -9 -9 0 -9 -9 0 -9 0 1 1 0 -9 -9 -9 -9
ITA00069-014  -9 -9 0 -9 -9 -9 -9 0 -9 -9 1 -9 1 1 0 1 -9 -9 -9 -9
AUT00215-009  0 0 0 0 1 1 0 1 0 0 0 1 0 1 1 0 0 0 0 1
AUT00215-009  0 0 0 1 1 0 0 0 0 0 1 1 1 1 0 1 0 0 0 1
ITA00069-015  0 0 0 0 1 1 0 1 0 0 0 1 0 1 1 0 1 0 0 0
ITA00069-015  0 0 0 0 1 1 0 1 0 0 1 1 0 1 1 0 1 0 0 0
ITA00069-016  0 0 0 -9 1 -9 -9 1 0 0 0 1 0 1 1 0 1 0 0 0
ITA00069-016  0 0 0 -9 1 -9 -9 0 0 0 1 1 0 1 0 0 1 0 0 1
ITA00069-017  0 0 0 0 1 1 0 1 0 0 0 1 0 1 1 0 1 0 0 0
ITA00069-017  0 0 0 0 1 0 0 0 0 0 1 1 1 1 0 1 1 0 0 0
ITA00069-018  0 0 0 -9 1 0 0 0 0 0 0 1 0 1 1 0 1 0 0 0
ITA00069-018  0 0 0 -9 1 0 0 0 0 0 0 1 0 1 1 0 1 0 1 0
ITA00069-019  -9 0 0 0 1 -9 1 1 0 0 0 1 0 1 1 0 1 0 0 0
ITA00069-019  -9 0 0 0 1 -9 0 0 0 0 1 1 1 1 0 1 1 0 0 1
ITA00069-021  -9 0 0 -9 1 1 0 -9 0 0 0 1 0 1 1 0 1 0 0 -9
ITA00069-021  -9 0 1 -9 1 0 0 -9 0 1 1 1 1 1 0 1 1 0 0 -9
ITA00069-022  -9 0 0 0 1 0 0 0 -9 -9 0 1 0 1 1 -9 1 -9 0 0
ITA00069-022  -9 0 0 0 1 0 0 0 -9 -9 0 1 0 1 0 -9 1 -9 0 1
ITA00069-023  0 0 0 0 1 1 1 1 0 0 0 1 0 1 1 0 1 0 0 1
ITA00069-023  1 0 0 0 1 0 0 0 0 0 1 1 1 1 0 1 1 0 0 1
ITA00069-024  0 0 0 -9 1 -9 0 0 0 0 0 1 0 1 1 0 1 0 -9 0
ITA00069-024  0 0 0 -9 1 -9 0 0 0 0 1 1 0 1 1 0 1 0 -9 0
AUT00215-010  0 0 0 0 1 1 0 1 0 0 0 1 0 1 1 0 0 0 1 0
AUT00215-010  0 1 0 0 1 0 0 0 0 1 0 1 0 1 1 0 0 0 1 1
ITA00069-025  0 0 0 0 1 1 1 1 0 0 0 1 0 1 1 0 1 0 0 0
ITA00069-025  0 0 0 0 1 0 0 0 0 0 1 1 1 1 0 1 1 0 0 0
AUT00215-011  0 0 0 0 1 1 1 1 0 1 0 1 0 1 1 0 0 0 0 0
AUT00215-011  1 0 0 0 1 0 0 0 0 1 1 1 1 1 0 1 1 0 1 0
AUT00215-012  -9 0 0 -9 1 0 0 0 0 0 0 1 0 1 1 0 1 0 0 0
AUT00215-012  -9 1 0 -9 1 0 0 0 0 0 1 1 1 1 0 1 1 1 1 0
AUT00215-013  -9 0 0 0 1 1 1 1 0 0 0 1 0 1 1 0 0 0 1 0
AUT00215-013  -9 0 0 0 1 0 0 0 0 0 1 1 1 1 0 1 0 0 1 1
ITA00260-003  -9 0 0 -9 1 -9 -9 1 -9 -9 -9 1 0 -9 -9 0 -9 0 -9 -9
ITA00260-003  -9 0 0 -9 1 -9 -9 0 -9 -9 -9 1 0 -9 -9 0 -9 0 -9 -9
ROU00104-017  -9 -9 0 -9 1 1 0 1 0 0 0 1 0 1 1 -9 1 0 0 -9
ROU00104-017  -9 -9 0 -9 1 1 0 1 0 1 0 1 0 1 1 -9 1 0 0 -9
FRA00019-004  -9 0 0 -9 1 0 0 0 0 0 0 1 0 1 0 0 0 -9 0 0
FRA00019-004  -9 0 0 -9 1 0 0 0 1 1 1 0 1 0 0 1 0 -9 0 0
FRA00019-005  -9 0 0 -9 -9 0 0 -9 -9 0 0 0 0 -9 0 -9 -9 -9 -9 -9
FRA00019-005  -9 1 0 -9 -9 0 0 -9 -9 1 1 0 0 -9 0 -9 -9 -9 -9 -9
FRA00019-006  -9 0 0 0 1 0 0 -9 0 0 0 1 0 1 1 0 0 -9 0 -9
FRA00019-006  -9 1 0 0 0 0 0 -9 0 0 0 0 0 0 0 0 0 -9 0 -9
AUT00215-014  0 0 0 1 1 1 1 1 0 0 0 1 0 1 -9 0 0 0 0 1
AUT00215-014  0 1 0 1 1 0 0 0 0 0 0 1 0 1 -9 0 0 0 0 1
FRA00019-009  0 0 0 -9 1 1 0 1 0 0 0 1 0 1 0 0 0 0 0 1
FRA00019-009  0 0 0 -9 1 0 0 0 1 1 1 0 1 0 0 1 0 0 0 1
FRA00019-010  0 0 0 0 1 0 0 0 -9 0 0 1 0 1 0 0 0 -9 -9 0
FRA00019-010  0 0 0 0 0 0 0 0 -9 1 1 0 1 0 0 1 0 -9 -9 1
FRA00019-011  0 0 0 0 1 1 0 1 0 0 0 1 0 1 -9 0 0 0 0 1
FRA00019-011  0 0 0 0 1 0 0 0 0 1 1 0 1 0 -9 1 0 0 1 1
FRA00019-012  -9 0 0 -9 -9 0 0 0 0 0 0 -9 -9 1 -9 0 0 -9 -9 -9
FRA00019-012  -9 0 0 -9 -9 0 0 0 1 0 0 -9 -9 0 -9 0 0 -9 -9 -9
FRA00019-013  -9 0 0 -9 1 -9 -9 1 0 0 0 -9 0 -9 0 0 1 0 0 1
FRA00019-013  -9 0 0 -9 1 -9 -9 0 0 1 0 -9 0 -9 0 0 1 0 0 1
FRA00019-014  0 0 0 0 1 1 1 1 0 0 0 -9 -9 1 0 0 0 0 0 0
FRA00019-014  0 0 0 0 1 0 0 0 1 1 0 -9 -9 0 0 0 0 0 0 1
FRA00019-016  0 0 0 -9 1 -9 -9 1 0 0 0 1 0 1 1 0 0 0 0 1
FRA00019-016  0 1 1 -9 0 -9 -9 0 0 1 1 0 1 0 0 1 1 0 0 1
FRA00019-017  -9 0 0 -9 1 1 1 1 0 0 0 1 0 1 1 0 0 -9 0 0
FRA00019-017  -9 0 0 -9 0 0 0 0 0 1 0 0 0 0 0 1 1 -9 0 1
FRA00019-019  0 0 0 0 1 1 1 1 0 0 -9 1 0 1 1 0 0 0 0 -9
FRA00019-019  0 0 0 0 1 0 0 0 0 1 -9 0 1 0 0 1 1 0 0 -9
FRA00019-020  -9 0 0 -9 1 0 0 0 0 0 0 0 0 0 0 0 0 0 -9 0
FRA00019-020  -9 0 0 -9 1 0 0 0 1 1 0 0 0 0 0 0 0 0 -9 1
AUT00179-004  0 0 0 0 1 1 0 1 0 0 0 1 0 1 1 0 0 0 0 0
AUT00179-004  0 0 0 1 1 0 0 0 0 0 0 1 0 1 1 0 0 0 0 1
AUT00215-015  0 1 0 0 1 -9 -9 1 0 0 0 1 0 1 1 0 0 0 0 0
AUT00215-015  0 1 0 0 1 -9 -9 1 0 0 0 1 0 1 1 0 1 0 1 0
FRA00019-021  -9 0 0 0 1 0 0 0 -9 1 0 1 0 1 0 0 0 0 1 0
FRA00019-021  -9 0 0 0 0 0 0 0 -9 1 0 0 1 0 0 0 0 0 1 0
FRA00019-022  -9 0 0 -9 -9 1 0 1 0 1 0 -9 -9 1 -9 0 0 -9 -9 0
FRA00019-022  -9 0 0 -9 -9 0 0 0 0 1 1 -9 -9 1 -9 1 0 -9 -9 0
FRA00019-023  0 0 0 0 1 1 0 1 0 1 0 0 0 0 0 0 0 0 0 0
FRA00019-023  0 1 0 0 1 0 0 0 0 1 0 0 0 0 0 0 0 0 1 1
FRA00019-025  -9 0 0 0 1 0 -9 0 0 0 0 1 0 1 1 0 0 0 -9 -9
FRA00019-025  -9 0 0 0 0 0 -9 0 1 1 1 0 1 0 0 1 1 0 -9 -9
FRA00004-001  1 0 0 -9 1 0 0 0 0 0 0 1 0 1 1 0 1 0 0 0
FRA00004-001  1 0 1 -9 0 0 0 0 0 0 0 1 0 1 1 0 1 0 0 1
FRA00004-002  -9 0 0 -9 1 -9 0 0 0 0 0 1 0 1 1 0 1 0 0 0
FRA00004-002  -9 0 0 -9 1 -9 0 0 0 0 0 1 0 1 1 0 1 0 0 1
FRA00004-003  0 0 0 -9 1 1 0 1 0 0 0 1 0 1 1 0 1 0 0 0
FRA00004-003  1 1 1 -9 1 0 0 0 0 0 0 0 0 0 0 0 1 0 0 0
FRA00004-004  0 0 0 0 1 -9 -9 0 0 0 0 1 0 1 1 0 -9 0 -9 1
FRA00004-004  1 0 1 0 1 -9 -9 0 0 1 0 0 0 0 0 0 -9 0 -9 1
FRA00004-006  -9 0 0 0 1 -9 -9 -9 0 0 0 1 0 1 1 0 0 0 0 0
FRA00004-006  -9 0 1 0 0 -9 -9 -9 0 0 1 1 0 0 0 1 1 0 0 1
FRA00004-007  -9 0 0 -9 1 0 0 -9 0 0 0 1 0 1 -9 0 0 -9 -9 -9
FRA00004-007  -9 0 1 -9 1 0 0 -9 0 0 0 1 1 1 -9 0 0 -9 -9 -9
AUT00215-016  0 0 0 0 1 1 1 1 0 0 0 1 0 1 1 0 0 0 0 1
AUT00215-016  0 1 0 0 1 1 1 1 0 0 0 1 0 1 1 0 0 0 0 1
FRA00004-008  -9 0 0 -9 1 -9 -9 -9 0 0 0 1 -9 1 1 0 1 0 -9 0
FRA00004-008  -9 0 0 -9 0 -9 -9 -9 0 1 0 0 -9 0 0 0 1 0 -9 1
FRA00004-010  0 0 0 -9 -9 -9 -9 0 -9 0 0 -9 -9 1 -9 0 1 -9 -9 -9
FRA00004-010  1 0 0 -9 -9 -9 -9 0 -9 0 0 -9 -9 1 -9 0 1 -9 -9 -9
FRA00004-011  0 0 0 -9 1 -9 -9 -9 0 0 0 1 0 1 -9 0 0 -9 -9 0
FRA00004-011  1 0 0 -9 1 -9 -9 -9 0 0 0 1 0 1 -9 0 1 -9 -9 0
FRA00004-012  -9 0 0 -9 1 -9 -9 -9 0 0 -9 1 0 1 1 0 -9 -9 -9 -9
FRA00004-012  -9 0 1 -9 1 -9 -9 -9 0 0 -9 1 0 1 0 0 -9 -9 -9 -9
FRA00004-013  0 0 0 0 1 0 0 0 0 0 0 0 0 0 0 0 1 0 0 0
FRA00004-013  0 1 0 0 1 0 0 0 0 1 0 0 0 0 0 0 1 0 0 0
FRA00004-015  -9 0 0 -9 1 1 0 1 0 0 0 1 0 1 1 0 1 -9 0 1
FRA00004-015  -9 0 0 -9 1 0 0 0 0 0 1 1 1 1 0 1 1 -9 0 1
FRA00004-017  -9 0 0 0 1 0 0 0 0 0 0 1 0 1 1 0 0 0 0 0
FRA00004-017  -9 0 0 0 1 0 0 0 0 0 1 1 1 1 0 1 1 0 0 1
FRA00004-018  -9 0 0 -9 1 -9 0 0 0 0 0 1 0 1 1 0 1 0 0 0
FRA00004-018  -9 1 0 -9 0 -9 0 0 0 0 0 1 0 1 1 0 1 0 0 0
FRA00004-019  0 -9 0 -9 1 -9 -9 0 0 0 0 1 -9 1 1 -9 0 0 -9 -9
FRA00004-019  0 -9 0 -9 1 -9 -9 0 0 0 0 1 -9 1 0 -9 1 0 -9 -9
FRA00004-020  0 0 0 0 -9 1 -9 1 0 0 0 1 0 1 1 0 0 0 0 0
FRA00004-020  1 0 1 0 -9 0 -9 0 0 0 1 0 1 0 0 1 1 1 0 1
AUT00215-017  0 0 0 0 1 1 1 1 0 0 0 1 0 1 1 0 0 0 0 0
AUT00215-017  1 0 0 1 1 0 0 0 0 0 0 1 0 1 1 0 0 0 1 1
FRA00004-021  -9 0 0 -9 -9 1 -9 1 0 0 0 1 0 1 1 0 0 -9 0 0
FRA00004-021  -9 0 1 -9 -9 0 -9 0 0 0 1 0 0 0 0 1 1 -9 0 1
FRA00004-023  -9 0 0 0 1 0 0 0 0 0 0 1 -9 1 1 0 0 0 0 0
FRA00004-023  -9 0 0 0 1 0 0 0 0 0 0 1 -9 1 0 0 1 0 0 0
FRA00004-024  0 0 0 0 1 0 0 0 0 0 0 1 0 1 1 0 0 0 0 1
FRA00004-024  0 0 0 0 1 0 0 0 0 0 0 1 0 1 1 0 1 0 0 1
ESP00339-001  -9 0 -9 -9 -9 0 0 -9 -9 0 0 -9 0 -9 1 0 0 -9 -9 1
ESP00339-001  -9 0 -9 -9 -9 0 0 -9 -9 0 1 -9 1 -9 0 1 1 -9 -9 1
ESP00339-002  0 0 0 0 1 1 0 -9 0 0 0 1 0 -9 1 0 0 0 0 1
ESP00339-002  1 0 0 0 1 1 0 -9 0 0 1 1 1 -9 0 1 1 0 1 1
ESP00339-003  -9 0 0 -9 1 1 0 1 0 0 0 1 -9 1 1 0 0 0 0 1
ESP00339-003  -9 0 0 -9 1 1 0 1 0 0 0 1 -9 1 1 0 0 0 0 1
ESP00339-004  0 0 0 -9 1 -9 -9 1 0 0 0 1 0 1 1 0 0 0 1 0
ESP00339-004  1 0 0 -9 1 -9 -9 0 0 0 1 1 1 1 0 1 1 0 1 1
ESP00339-005  -9 -9 0 -9 -9 -9 -9 -9 0 0 0 1 0 1 1 0 0 0 0 1
ESP00339-005  -9 -9 0 -9 -9 -9 -9 -9 0 0 0 1 0 1 1 0 1 0 0 1
ESP00339-007  -9 0 -9 -9 1 1 -9 1 0 0 0 1 0 1 1 0 0 0 -9 1
ESP00339-007  -9 0 -9 -9 1 0 -9 0 0 0 1 1 1 0 0 1 0 0 -9 1
ESP00339-010  -9 0 -9 -9 1 1 0 -9 0 0 0 -9 -9 1 1 0 -9 -9 0 -9
ESP00339-010  -9 1 -9 -9 1 0 0 -9 0 0 1 -9 -9 1 0 1 -9 -9 1 -9
AUT00215-018  0 0 0 0 1 0 0 0 0 0 0 1 0 1 1 0 0 0 0 0
AUT00215-018  0 1 0 1 0 0 0 0 0 0 0 1 0 1 1 0 1 1 0 1
ESP00339-011  0 0 0 -9 1 -9 -9 1 0 0 0 1 0 1 1 0 0 -9 -9 1
ESP00339-011  1 0 0 -9 1 -9 -9 0 0 0 1 0 1 0 0 1 0 -9 -9 1
ESP00339-013  -9 0 0 0 -9 -9 -9 1 0 -9 -9 1 -9 1 1 -9 0 0 -9 -9
ESP00339-013  -9 0 0 0 -9 -9 -9 1 0 -9 -9 0 -9 0 0 -9 1 0 -9 -9
ESP00339-015  -9 0 0 -9 1 1 0 1 0 0 0 1 0 1 -9 0 0 -9 0 1
ESP00339-015  -9 0 0 -9 1 0 0 0 0 0 1 0 1 0 -9 1 0 -9 0 1
ESP00339-017  -9 0 0 -9 1 1 0 -9 0 0 0 1 0 1 -9 0 -9 -9 0 1
ESP00339-017  -9 0 0 -9 1 0 0 -9 0 0 0 1 0 1 -9 0 -9 -9 0 1
ESP00339-018  -9 0 0 -9 1 -9 1 1 0 0 0 1 -9 1 1 0 0 -9 -9 -9
ESP00339-018  -9 0 0 -9 1 -9 0 0 0 0 1 1 -9 1 0 1 1 -9 -9 -9
ESP00339-019  -9 0 0 -9 1 -9 -9 1 0 0 -9 -9 0 1 1 0 0 0 -9 1
ESP00339-019  -9 0 0 -9 1 -9 -9 0 0 0 -9 -9 1 1 0 1 1 0 -9 1
ESP00339-020  -9 0 0 -9 1 -9 -9 -9 0 -9 0 1 0 -9 -9 0 -9 -9 -9 0
ESP00339-020  -9 0 0 -9 1 -9 -9 -9 0 -9 1 0 1 -9 -9 1 -9 -9 -9 1
ESP00339-021  -9 -9 -9 -9 -9 -9 -9 -9 -9 -9 -9 -9 -9 -9 1 0 0 -9 -9 -9
ESP00339-021  -9 -9 -9 -9 -9 -9 -9 -9 -9 -9 -9 -9 -9 -9 0 1 1 -9 -9 -9
ESP00339-022  -9 0 0 -9 1 -9 -9 -9 -9 0 0 1 0 1 1 0 0 0 -9 -9
ESP00339-022  -9 1 0 -9 1 -9 -9 -9 -9 0 1 1 1 1 0 1 0 0 -9 -9
ESP00339-023  0 0 0 -9 1 -9 -9 1 0 0 0 1 0 -9 1 0 0 0 -9 -9
ESP00339-023  1 0 0 -9 1 -9 -9 0 0 0 1 1 1 -9 0 1 1 0 -9 -9
AUT00215-019  -9 0 0 0 1 0 0 0 0 0 0 1 0 1 1 0 0 0 0 0
AUT00215-019  -9 1 0 1 0 0 0 0 0 0 0 1 0 1 1 0 1 1 0 1
ESP00339-024  -9 0 0 0 1 -9 -9 1 0 0 0 1 0 1 1 0 0 0 0 1
ESP00339-024  -9 0 0 0 1 -9 -9 0 0 0 1 1 1 1 0 1 0 0 0 1
ESP00339-025  -9 0 0 -9 1 -9 -9 -9 0 0 -9 -9 0 -9 -9 0 0 -9 -9 -9
ESP00339-025  -9 0 0 -9 1 -9 -9 -9 0 0 -9 -9 1 -9 -9 1 0 -9 -9 -9
ITA00217-001  -9 0 0 0 1 1 0 1 0 0 0 1 0 1 1 0 1 0 0 0
ITA00217-001  -9 0 0 0 1 0 0 0 0 0 0 0 0 0 0 0 1 1 1 0
ITA00217-002  0 0 0 -9 1 1 1 1 0 0 0 1 0 1 1 0 -9 0 0 0
ITA00217-002  0 0 0 -9 1 1 0 1 0 0 1 1 1 1 0 1 -9 1 1 1
ITA00217-003  -9 0 0 0 1 1 0 1 0 0 0 1 0 1 1 0 0 -9 0 0
ITA00217-003  -9 0 0 1 1 0 0 0 0 0 0 1 0 1 1 0 1 -9 0 1
ITA00217-004  -9 0 0 -9 1 0 0 0 0 0 0 1 0 1 -9 0 0 -9 -9 -9
ITA00217-004  -9 0 0 -9 1 0 0 0 0 0 0 1 0 1 -9 0 1 -9 -9 -9
ITA00217-005  0 0 0 0 1 1 1 1 0 0 0 -9 0 -9 1 0 0 -9 0 0
ITA00217-005  0 1 0 1 1 1 0 1 0 0 0 -9 0 -9 1 0 1 -9 1 1
ITA00217-006  -9 0 0 0 1 1 0 1 0 0 0 -9 0 1 1 0 0 1 0 0
ITA00217-006  -9 0 1 0 1 0 0 0 0 0 1 -9 1 1 0 1 1 1 0 1
ITA00217-007  0 0 0 0 1 1 0 1 0 0 0 1 0 1 1 0 0 0 0 0
ITA00217-007  0 0 0 1 1 0 0 0 0 0 0 1 0 1 1 0 1 0 0 1
ITA00217-008  -9 0 0 0 1 0 0 0 0 0 0 1 0 1 0 0 1 0 0 0
ITA00217-008  -9 0 0 1 1 0 0 0 0 0 1 0 1 0 0 1 1 0 0 1
AUT00215-020  0 0 0 -9 1 -9 0 0 0 0 0 1 0 1 1 0 0 0 0 -9
AUT00215-020  0 1 0 -9 1 -9 0 0 0 0 0 1 0 1 1 0 0 0 0 -9
ITA00217-010  -9 0 0 -9 -9 0 0 0 0 0 0 1 0 1 1 0 0 -9 -9 -9
ITA00217-010  -9 0 0 -9 -9 0 0 0 0 0 0 0 0 0 0 0 1 -9 -9 -9
ITA00217-011  0 0 0 0 1 0 0 -9 0 0 0 1 0 1 1 0 1 0 0 1
ITA00217-011  0 1 0 0 1 0 0 -9 0 0 1 1 1 1 0 1 1 0 0 1
ITA00217-012  0 0 0 0 1 0 0 0 0 0 0 1 0 1 1 0 1 0 0 0
ITA00217-012  0 0 0 0 1 0 0 0 0 0 1 1 1 1 0 1 1 0 0 1
ITA00217-013  -9 0 -9 -9 1 0 0 0 0 0 0 1 0 1 -9 0 0 -9 0 1
ITA00217-013  -9 0 -9 -9 1 0 0 0 0 0 0 1 0 1 -9 0 1 -9 0 1
ITA00217-014  -9 0 0 0 1 1 0 1 0 0 0 1 0 -9 1 0 1 -9 0 -9
ITA00217-014  -9 1 0 0 1 0 0 0 0 0 1 1 1 -9 0 1 1 -9 0 -9
ITA00217-015  -9 0 0 -9 1 0 0 0 0 0 0 1 0 1 1 0 0 -9 0 -9
ITA00217-015  -9 0 0 -9 1 0 0 0 0 0 0 1 0 1 1 0 1 -9 0 -9
ITA00217-016  -9 0 0 -9 1 0 0 0 0 0 0 1 0 1 1 0 1 -9 0 0
ITA00217-016  -9 0 0 -9 1 0 0 0 0 0 0 1 0 1 1 0 1 -9 0 1
ITA00217-018  -9 0 0 -9 1 1 1 1 -9 0 0 -9 0 1 1 0 0 1 0 0
ITA00217-018  -9 0 0 -9 1 0 0 0 -9 0 0 -9 0 1 1 0 1 1 1 1
AUT00215-021  0 0 0 0 1 1 1 1 0 0 0 1 0 1 1 0 0 0 0 0
AUT00215-021  1 0 0 1 0 0 0 0 0 0 1 1 1 1 0 1 0 0 1 1
ITA00217-019  -9 0 0 -9 1 0 0 0 0 0 0 1 0 1 1 0 1 0 -9 0
ITA00217-019  -9 0 0 -9 1 0 0 0 0 0 0 1 0 1 1 0 1 1 -9 0
ITA00217-020  -9 0 0 0 1 0 0 0 0 0 0 1 0 1 0 0 1 0 0 1
ITA00217-020  -9 0 0 0 1 0 0 0 0 0 1 0 1 0 0 1 1 1 0 1
ITA00217-021  0 0 0 0 1 0 0 0 0 0 0 1 0 1 1 0 1 1 0 0
ITA00217-021  0 1 0 0 1 0 0 0 0 0 1 1 1 1 0 1 1 1 1 1
ITA00217-022  0 0 0 0 1 0 0 0 0 0 0 1 0 1 1 0 0 0 0 0
ITA00217-022  0 0 0 0 1 0 0 0 0 0 0 1 0 1 1 0 1 0 1 1
ITA00217-023  -9 0 0 -9 1 -9 -9 0 0 0 0 1 0 -9 -9 0 1 -9 0 -9
ITA00217-023  -9 0 0 -9 1 -9 -9 0 0 0 0 1 0 -9 -9 0 1 -9 0 -9
ITA00217-024  -9 0 0 0 1 0 -9 0 0 0 0 1 0 1 1 0 1 1 -9 -9
ITA00217-024  -9 0 0 0 1 0 -9 0 0 0 1 1 1 1 0 1 1 1 -9 -9
ITA00217-025  1 0 0 -9 1 0 0 0 0 0 0 1 0 1 0 0 0 -9 -9 -9
ITA00217-025  1 0 0 -9 1 0 0 0 0 0 1 0 1 0 0 1 1 -9 -9 -9
AUT00215-022  0 0 0 0 1 1 1 1 0 0 0 1 0 1 1 0 0 0 0 1
AUT00215-022  0 0 0 1 1 0 0 0 0 0 0 1 0 1 1 0 1 0 1 1
AUT00215-023  0 0 0 0 1 1 1 1 0 0 0 1 0 1 0 0 0 0 1 0
AUT00215-023  0 1 0 0 1 1 0 1 0 0 1 0 1 0 0 1 1 0 1 1
AUT00215-024  -9 0 0 0 1 1 1 1 0 0 0 1 0 1 1 0 0 0 0 0
AUT00215-024  -9 0 0 0 0 0 0 0 0 1 0 1 0 1 1 0 1 0 1 1
AUT00179-005  0 0 0 0 1 1 1 1 0 0 1 1 1 1 0 1 0 0 0 0
AUT00179-005  1 0 0 1 1 0 0 0 0 0 1 1 1 1 0 1 1 0 0 1
AUT00215-025  0 0 0 0 1 1 0 1 0 0 0 1 0 1 1 0 1 0 0 0
AUT00215-025  0 1 0 0 1 1 0 1 0 1 1 1 1 1 0 1 1 0 0 1
ITA00029-001  -9 0 0 0 1 1 0 -9 0 0 0 1 0 1 1 0 1 0 0 0
ITA00029-001  -9 0 0 0 1 0 0 -9 0 0 0 1 0 1 1 0 1 0 0 0
ITA00029-002  -9 0 0 0 1 1 0 1 0 0 0 1 0 1 1 0 1 0 0 0
ITA00029-002  -9 0 1 0 1 1 0 1 0 0 0 1 0 1 1 0 1 0 0 1
ITA00029-003  -9 0 0 -9 1 1 1 1 0 0 0 1 0 1 1 0 1 0 0 0
ITA00029-003  -9 0 0 -9 1 0 0 0 0 1 0 0 0 0 0 0 1 0 1 0
ITA00029-004  0 0 0 -9 1 1 0 1 0 0 0 1 0 1 1 0 1 0 0 0
ITA00029-004  0 0 0 -9 1 0 0 0 0 0 1 1 1 1 0 1 1 0 0 0
ITA00029-005  -9 0 1 -9 1 1 0 -9 0 0 1 1 -9 1 0 1 -9 -9 0 0
ITA00029-005  -9 0 1 -9 1 1 0 -9 0 0 1 1 -9 1 0 1 -9 -9 1 1
ITA00029-006  0 0 0 -9 1 -9 -9 0 0 0 0 1 0 1 1 0 1 0 0 0
ITA00029-006  0 0 1 -9 1 -9 -9 0 0 0 0 0 0 0 0 0 1 0 1 1
ITA00029-007  0 0 0 0 1 0 0 0 0 0 0 1 0 1 1 0 1 0 0 0
ITA00029-007  0 0 0 0 1 0 0 0 0 1 0 1 0 1 1 0 1 0 0 1
ITA00029-008  0 0 0 0 1 1 0 1 0 0 0 1 0 1 1 0 1 0 0 0
ITA00029-008  0 0 0 0 1 0 0 0 0 0 0 1 0 1 1 0 1 0 0 0
ITA00029-009  0 0 0 -9 1 0 0 0 0 0 0 1 0 1 1 0 1 0 0 0
ITA00029-009  0 0 1 -9 1 0 0 0 0 0 1 1 1 1 0 1 1 0 0 0
AUT00179-006  -9 0 0 -9 1 1 1 1 0 0 0 1 0 1 1 0 0 0 0 0
AUT00179-006  -9 0 0 -9 1 0 0 0 0 0 1 0 1 0 0 1 1 0 1 0
ITA00029-010  -9 0 0 -9 1 1 0 1 0 0 0 1 0 1 1 0 1 0 0 0
ITA00029-010  -9 0 0 -9 1 0 0 0 0 0 0 0 0 0 0 0 1 0 0 1
ITA00029-011  -9 0 0 -9 1 -9 -9 -9 0 0 0 1 0 -9 1 0 1 0 0 0
ITA00029-011  -9 0 1 -9 1 -9 -9 -9 0 0 0 0 0 -9 0 0 1 0 0 0
ITA00029-012  1 0 0 0 1 1 0 1 0 0 0 1 0 1 1 0 1 0 0 0
ITA00029-012  1 0 1 0 1 0 0 0 0 0 0 0 0 0 0 0 1 0 0 0
ITA00029-013  -9 0 1 -9 1 -9 1 -9 0 0 -9 -9 0 -9 1 0 1 -9 0 0
ITA00029-013  -9 0 1 -9 1 -9 0 -9 0 0 -9 -9 1 -9 0 1 1 -9 0 1
ITA00029-014  0 0 0 0 1 1 0 1 0 0 0 1 0 1 1 0 1 0 0 1
ITA00029-014  0 0 1 0 1 0 0 0 0 0 0 1 0 1 0 0 1 0 0 1
ITA00029-015  -9 0 0 0 1 0 0 0 0 0 0 1 0 1 1 0 0 0 0 0
ITA00029-015  -9 1 1 0 1 0 0 0 0 0 1 1 1 1 0 1 1 0 1 0
ITA00029-016  0 0 1 0 1 0 0 0 0 0 0 1 0 1 1 0 1 0 0 0
ITA00029-016  0 0 1 0 1 0 0 0 0 1 1 1 1 1 0 1 1 0 1 1
ITA00029-017  -9 0 0 0 1 0 0 0 0 0 0 1 0 1 1 0 1 0 0 0
ITA00029-017  -9 0 1 0 1 0 0 0 0 0 1 1 0 1 1 0 1 0 0 0
ITA00029-018  0 0 0 -9 1 1 1 1 0 0 0 1 0 1 1 0 1 0 0 0
ITA00029-018  0 0 1 -9 1 0 0 0 0 0 0 1 0 1 1 0 1 0 0 0
ITA00029-019  0 0 0 0 1 0 0 0 0 0 0 1 0 1 1 0 1 0 0 0
ITA00029-019  0 0 0 0 1 0 0 0 0 0 1 1 1 1 0 1 1 0 1 0
AUT00179-007  -9 0 0 -9 1 -9 0 0 0 0 0 1 0 1 -9 0 1 0 0 1
AUT00179-007  -9 0 0 -9 1 -9 0 0 0 0 1 0 1 0 -9 1 1 0 1 1
ITA00029-020  -9 0 0 0 1 1 1 1 0 0 0 1 0 1 1 0 1 0 0 0
ITA00029-020  -9 0 0 0 1 0 0 0 0 0 1 0 0 0 0 0 1 0 0 0
ITA00029-021  0 0 0 -9 1 1 0 1 0 0 0 -9 0 1 1 -9 1 0 0 1
ITA00029-021  0 0 1 -9 1 0 0 0 0 0 0 -9 0 1 1 -9 1 0 0 1
ITA00029-022  0 0 0 0 1 0 0 0 0 0 0 1 0 1 0 0 1 0 0 0
ITA00029-022  0 0 0 0 1 0 0 0 0 0 1 0 0 0 0 0 1 0 0 1
ITA00029-023  0 0 0 0 1 0 0 0 0 0 0 1 0 1 1 0 1 0 0 0
ITA00029-023  1 0 0 0 1 0 0 0 0 1 1 1 1 1 0 1 1 0 1 0
ITA00029-024  0 0 0 -9 1 0 0 0 0 0 0 1 0 1 1 0 1 0 0 0
ITA00029-024  0 0 1 -9 1 0 0 0 0 0 0 1 0 1 1 0 1 0 0 1
ITA00029-025  0 0 1 0 1 1 1 1 0 0 0 1 0 1 1 0 1 0 0 0
ITA00029-025  0 0 1 0 1 0 0 0 0 0 1 1 1 1 0 1 1 0 0 0
ITA00271-001  -9 0 0 0 1 1 1 1 0 1 0 1 0 1 1 0 1 0 0 0
ITA00271-001  -9 0 0 0 1 1 0 1 0 1 0 1 0 1 1 0 1 0 0 1
ITA00271-002  0 0 0 0 1 1 1 1 0 0 0 1 0 1 1 0 1 0 0 0
ITA00271-002  1 0 0 0 1 0 0 0 0 0 0 1 0 1 0 0 1 0 1 1
ITA00271-003  0 0 0 0 1 1 1 1 0 0 0 1 0 1 1 0 1 0 0 0
ITA00271-003  1 0 0 0 1 1 0 1 0 0 0 1 0 1 1 0 1 0 0 1
ITA00271-004  0 0 0 -9 1 1 1 1 0 0 0 1 0 1 1 0 1 0 -9 0
ITA00271-004  0 1 0 -9 1 0 0 0 0 0 1 1 1 1 0 1 1 0 -9 0
AUT00179-008  0 0 0 0 1 0 0 0 0 0 0 1 0 0 0 0 0 0 0 0
AUT00179-008  1 0 0 0 1 0 0 0 0 1 0 0 0 0 0 0 1 0 0 1
ITA00271-005  0 0 0 -9 1 1 1 1 0 0 0 1 0 1 1 0 1 0 0 0
ITA00271-005  1 0 0 -9 1 1 1 1 0 0 0 1 0 1 1 0 1 1 0 0
ITA00271-006  0 0 0 -9 1 1 1 1 0 0 0 1 0 1 1 0 1 0 0 0
ITA00271-006  0 0 1 -9 1 0 0 0 0 0 1 1 1 1 0 1 1 0 0 1
ITA00271-007  0 0 0 -9 1 1 1 1 0 0 0 -9 0 1 1 0 1 0 0 0
ITA00271-007  0 1 0 -9 1 1 0 1 0 0 0 -9 0 1 1 0 1 0 0 1
ITA00271-008  0 0 0 -9 1 1 1 1 0 0 0 1 0 1 1 0 1 0 0 0
ITA00271-008  0 0 1 -9 1 0 0 0 0 0 1 1 1 1 0 1 1 0 0 1
ITA00271-009  0 0 0 0 1 1 0 1 0 0 0 1 0 1 1 0 1 0 0 0
ITA00271-009  1 0 0 0 1 0 0 0 0 1 1 1 1 1 0 1 1 0 1 0
ITA00271-010  1 0 0 0 1 -9 0 0 0 0 0 1 0 1 1 0 1 0 0 0
ITA00271-010  1 0 1 0 1 -9 0 0 0 0 0 1 0 1 1 0 1 0 0 0
ITA00271-011  0 0 0 0 1 0 0 0 0 0 1 1 1 1 0 1 1 0 0 0
ITA00271-011  0 0 1 0 1 0 0 0 0 1 1 1 1 1 0 1 1 0 1 1
ITA00271-012  -9 0 0 0 1 1 1 1 0 0 0 1 0 1 1 0 1 0 0 0
ITA00271-012  -9 0 1 0 1 0 0 0 0 0 1 1 1 1 0 1 1 0 0 0
ITA00271-013  0 0 0 0 1 1 1 1 0 0 -9 1 0 1 1 0 1 0 0 0
ITA00271-013  0 0 0 0 1 0 0 0 0 0 -9 0 0 0 0 0 1 0 0 0
ITA00271-014  0 0 0 0 1 1 0 1 0 0 0 1 0 1 1 0 1 0 0 0
ITA00271-014  1 0 0 0 1 1 0 1 0 1 0 1 0 1 1 0 1 0 0 1
AUT00179-009  0 0 0 0 1 1 0 1 0 0 0 1 0 1 1 0 0 0 0 0
AUT00179-009  0 1 0 0 1 0 0 0 0 1 1 1 1 1 0 1 1 1 0 0
ITA00271-015  0 0 0 0 1 1 0 1 0 0 0 1 0 1 -9 0 1 0 0 0
ITA00271-015  0 0 0 0 1 0 0 0 0 0 0 0 0 0 -9 0 1 0 0 1
ITA00271-016  0 0 1 0 1 0 0 0 0 0 0 1 0 1 1 0 1 0 0 0
ITA00271-016  0 0 1 0 1 0 0 0 0 0 1 1 1 1 0 1 1 0 0 0
ITA00271-017  0 0 0 -9 1 1 1 1 0 0 0 1 0 1 -9 0 1 0 0 0
ITA00271-017  1 0 0 -9 1 1 0 1 0 1 1 1 1 1 -9 1 1 0 0 1
ITA00271-018  0 0 0 0 1 1 0 1 0 0 0 1 0 1 -9 0 1 0 0 0
ITA00271-018  0 0 1 0 1 0 0 0 0 1 0 1 0 1 -9 0 1 0 0 0
ITA00271-019  0 0 0 0 1 0 0 0 0 0 0 1 0 1 1 0 1 0 0 0
ITA00271-019  1 0 0 0 1 0 0 0 0 1 1 1 0 1 1 0 1 0 0 0
ITA00271-020  0 0 0 -9 1 -9 -9 0 0 0 0 1 0 1 1 0 1 0 0 0
ITA00271-020  0 0 1 -9 1 -9 -9 0 0 0 0 1 0 1 1 0 1 0 0 0
ITA00271-021  -9 0 0 0 1 1 1 1 0 0 0 1 0 1 1 0 1 0 0 0
ITA00271-021  -9 0 0 0 1 1 0 1 0 0 1 1 1 1 0 1 1 0 0 0
ITA00271-022  0 0 0 0 1 1 1 1 0 0 1 1 1 1 0 1 1 0 0 0
ITA00271-022  0 0 1 0 1 0 0 0 0 0 1 1 1 1 0 1 1 0 0 1
ITA00271-023  0 0 0 0 1 1 0 1 0 0 0 1 0 1 0 0 1 0 0 0
ITA00271-023  1 0 1 0 1 0 0 0 0 0 0 0 0 0 0 0 1 0 0 0
ITA00271-024  1 0 0 0 1 1 1 1 0 0 0 1 0 1 1 0 1 0 0 0
ITA00271-024  1 0 1 0 1 0 0 0 0 1 1 1 1 1 0 1 1 0 0 1
