[loci]=20

[populations]=18


[pop]=1
1 32 2 24 8
2 50 2 48 2
3 50 2 50 0
4 38 2 30 8
5 50 2 3 47
6 46 2 20 26
7 48 2 35 13
8 48 2 22 26
9 50 2 50 0
10 48 2 41 7
11 50 2 39 11
12 50 2 10 40
13 50 2 39 11
14 50 2 11 39
15 46 2 17 29
16 50 2 39 11
17 50 2 27 23
18 50 2 44 6
19 46 2 27 19
20 48 2 25 23

[pop]=2
1 42 2 30 12
2 50 2 48 2
3 50 2 38 12
4 36 2 36 0
5 50 2 0 50
6 46 2 19 27
7 48 2 33 15
8 50 2 23 27
9 50 2 50 0
10 50 2 41 9
11 48 2 34 14
12 48 2 3 45
13 50 2 37 13
14 50 2 3 47
15 44 2 16 28
16 50 2 37 13
17 50 2 0 50
18 50 2 49 1
19 48 2 45 3
20 50 2 38 12

[pop]=3
1 40 2 34 6
2 50 2 43 7
3 50 2 50 0
4 46 2 38 8
5 50 2 1 49
6 50 2 19 31
7 50 2 31 19
8 50 2 19 31
9 50 2 49 1
10 50 2 49 1
11 50 2 47 3
12 50 2 8 42
13 50 2 47 3
14 50 2 8 42
15 50 2 11 39
16 50 2 47 3
17 48 2 16 32
18 48 2 46 2
19 50 2 34 16
20 46 2 27 19

[pop]=4
1 44 2 32 12
2 50 2 48 2
3 50 2 48 2
4 48 2 44 4
5 50 2 0 50
6 50 2 19 31
7 50 2 33 17
8 50 2 19 31
9 50 2 48 2
10 50 2 49 1
11 50 2 47 3
12 50 2 4 46
13 50 2 47 3
14 50 2 4 46
15 50 2 7 43
16 50 2 47 3
17 50 2 24 26
18 46 2 41 5
19 50 2 38 12
20 48 2 30 18

[pop]=5
1 48 2 47 1
2 50 2 46 4
3 50 2 50 0
4 48 2 45 3
5 50 2 3 47
6 48 2 33 15
7 48 2 45 3
8 50 2 34 16
9 48 2 48 0
10 48 2 42 6
11 48 2 41 7
12 50 2 10 40
13 50 2 43 7
14 48 2 10 38
15 46 2 15 31
16 50 2 43 7
17 48 2 20 28
18 48 2 38 10
19 48 2 41 7
20 48 2 35 13

[pop]=6
1 40 2 16 24
2 48 2 40 8
3 48 2 48 0
4 42 2 41 1
5 48 2 1 47
6 48 2 11 37
7 48 2 39 9
8 48 2 11 37
9 48 2 48 0
10 48 2 48 0
11 48 2 48 0
12 48 2 8 40
13 48 2 48 0
14 46 2 6 40
15 48 2 8 40
16 48 2 48 0
17 48 2 14 34
18 46 2 46 0
19 46 2 29 17
20 42 2 28 14

[pop]=7
1 34 2 11 23
2 48 2 43 5
3 50 2 50 0
4 38 2 37 1
5 50 2 0 50
6 44 2 16 28
7 44 2 37 7
8 50 2 17 33
9 50 2 50 0
10 48 2 43 5
11 50 2 45 5
12 50 2 0 50
13 50 2 45 5
14 50 2 0 50
15 50 2 5 45
16 46 2 41 5
17 50 2 9 41
18 48 2 47 1
19 48 2 35 13
20 42 2 28 14

[pop]=8
1 36 2 17 19
2 50 2 46 4
3 50 2 48 2
4 40 2 40 0
5 50 2 0 50
6 46 2 7 39
7 46 2 37 9
8 50 2 8 42
9 50 2 50 0
10 46 2 44 2
11 48 2 46 2
12 50 2 0 50
13 50 2 48 2
14 48 2 0 48
15 46 2 3 43
16 50 2 47 3
17 50 2 12 38
18 46 2 45 1
19 48 2 21 27
20 42 2 21 21

[pop]=9
1 10 2 4 6
2 34 2 28 6
3 36 2 36 0
4 10 2 10 0
5 32 2 0 32
6 22 2 7 15
7 28 2 22 6
8 24 2 7 17
9 34 2 34 0
10 26 2 25 1
11 32 2 31 1
12 32 2 5 27
13 32 2 31 1
14 34 2 5 29
15 34 2 7 27
16 24 2 23 1
17 34 2 5 29
18 24 2 23 1
19 20 2 11 9
20 20 2 11 9

[pop]=10
1 38 2 35 3
2 48 2 30 18
3 48 2 47 1
4 42 2 33 9
5 48 2 5 43
6 44 2 19 25
7 46 2 30 16
8 48 2 21 27
9 48 2 48 0
10 48 2 43 5
11 48 2 40 8
12 48 2 7 41
13 48 2 40 8
14 48 2 7 41
15 46 2 15 31
16 48 2 40 8
17 48 2 29 19
18 48 2 45 3
19 46 2 28 18
20 46 2 22 24

[pop]=11
1 30 2 28 2
2 48 2 36 12
3 50 2 50 0
4 36 2 32 4
5 50 2 5 45
6 44 2 24 20
7 48 2 34 14
8 46 2 27 19
9 50 2 50 0
10 44 2 41 3
11 48 2 36 12
12 50 2 10 40
13 48 2 38 10
14 50 2 10 40
15 44 2 19 25
16 50 2 38 12
17 50 2 18 32
18 50 2 48 2
19 40 2 22 18
20 44 2 28 16

[pop]=12
1 24 2 24 0
2 38 2 31 7
3 38 2 38 0
4 24 2 24 0
5 40 2 0 40
6 34 2 8 26
7 32 2 31 1
8 36 2 9 27
9 38 2 38 0
10 26 2 26 0
11 38 2 38 0
12 40 2 3 37
13 38 2 38 0
14 38 2 3 35
15 40 2 3 37
16 32 2 32 0
17 40 2 26 14
18 36 2 31 5
19 38 2 38 0
20 34 2 11 23

[pop]=13
1 32 2 27 5
2 46 2 46 0
3 48 2 46 2
4 30 2 30 0
5 46 2 0 46
6 38 2 24 14
7 40 2 35 5
8 44 2 29 15
9 44 2 44 0
10 38 2 34 4
11 48 2 31 17
12 46 2 0 46
13 48 2 40 8
14 48 2 0 48
15 44 2 12 32
16 46 2 38 8
17 46 2 4 42
18 42 2 41 1
19 40 2 38 2
20 34 2 21 13

[pop]=14
1 14 2 14 0
2 34 2 30 4
3 34 2 33 1
4 16 2 16 0
5 28 2 6 22
6 30 2 23 7
7 28 2 25 3
8 30 2 21 9
9 28 2 22 6
10 34 2 16 18
11 32 2 24 8
12 26 2 16 10
13 28 2 20 8
14 30 2 16 14
15 28 2 23 5
16 32 2 23 9
17 32 2 26 6
18 20 2 20 0
19 22 2 18 4
20 24 2 11 13

[pop]=15
1 18 2 11 7
2 36 2 33 3
3 38 2 30 8
4 14 2 14 0
5 32 2 4 28
6 20 2 16 4
7 20 2 20 0
8 28 2 24 4
9 36 2 36 0
10 38 2 35 3
11 36 2 31 5
12 36 2 7 29
13 30 2 26 4
14 38 2 8 30
15 32 2 13 19
16 36 2 31 5
17 34 2 10 24
18 26 2 25 1
19 24 2 24 0
20 30 2 17 13

[pop]=16
1 8 2 4 4
2 34 2 32 2
3 30 2 30 0
4 6 2 6 0
5 30 2 0 30
6 14 2 6 8
7 14 2 13 1
8 20 2 8 12
9 32 2 32 0
10 32 2 32 0
11 30 2 18 12
12 28 2 4 24
13 28 2 16 12
14 26 2 4 22
15 30 2 13 17
16 36 2 21 15
17 32 2 23 9
18 20 2 20 0
19 16 2 12 4
20 24 2 2 22

[pop]=17
1 16 2 14 2
2 46 2 42 4
3 44 2 43 1
4 26 2 22 4
5 44 2 0 44
6 44 2 34 10
7 42 2 39 3
8 44 2 34 10
9 44 2 44 0
10 46 2 46 0
11 46 2 36 10
12 40 2 5 35
13 46 2 36 10
14 40 2 5 35
15 40 2 15 25
16 46 2 36 10
17 44 2 11 33
18 26 2 14 12
19 36 2 30 6
20 32 2 15 17

[pop]=18
1 30 2 27 3
2 50 2 49 1
3 50 2 31 19
4 28 2 28 0
5 50 2 0 50
6 44 2 29 15
7 46 2 41 5
8 42 2 30 12
9 50 2 50 0
10 50 2 46 4
11 48 2 36 12
12 46 2 7 39
13 48 2 40 8
14 46 2 6 40
15 50 2 19 31
16 48 2 38 10
17 48 2 1 47
18 46 2 46 0
19 50 2 43 7
20 50 2 37 13
