    prob  log10(PO)   qval  alpha  fst
1  0.00080016 -3.09648 0.998854 0.00021850 0.15753 
2  0.00080016 -3.0965 0.99885 -0.00062391 0.15744 
3  0.0010002 -2.9995 0.99872 0.00024163 0.15754 
4  0.0010002 -2.9995 0.99872 0.00048347 0.15758 
5  0.0010002 -2.9995 0.99872 0.00029504 0.15755 
6  0.00040008 -3.3977 0.99911 -2.2162e-006 0.15750 
7  0.0010002 -2.9995 0.99872 -0.00050221 0.15746 
8  0.00060012 -3.2215 0.99897 -1.8308e-006 0.15750 
9  0.0016003 -2.7951 0.99833 0.00042548 0.15759 
10  0.00040008 -3.3977 0.99911 3.6725e-005 0.15751 
11  0.00040008 -3.3977 0.99911 -0.00014574 0.15749 
12  0.00060012 -3.2215 0.99897 -0.00016060 0.15748 
13  0.00060012 -3.2215 0.99897 -0.00023850 0.15748 
14  0.0012002 -2.9202 0.99845 -0.00044956 0.15745 
15  0.00020004 -3.6988 0.99915 -0.00022524 0.15748 
16  0.0018004 -2.7439 0.99820 -0.0012219 0.15739 
17  0.00080016 -3.0965 0.99885 0.00038395 0.15755 
18  0.00040008 -3.3977 0.99911 -0.00038857 0.15746 
19  0.0000 -1000.0 0.99919 0.0000 0.15750 
20  0.0016003 -2.7951 0.99833 -0.0013861 0.15737 
