Genepop output. Loci: 10 Populations: 18
aalba5_s00000077_56799,aalba5_s00000231_115833,aalba5_s00000309_18123,aalba5_s00000474_4930,aalba5_s00000580_56021,aalba5_s00000580_56660,aalba5_s00000580_56689,aalba5_s00000580_56842,aalba5_s00000580_57047,aalba5_s00000939_62117
Pop
AUT00179_AUT00179-001, 0303 0303 0303 0303 0303 0303 0303 0303 0303 0103
AUT00179_AUT00179-010, 0303 0303 0303 0303 0303 0303 0303 0303 0303 0103
AUT00179_AUT00179-011, 0303 0303 0301 0303 0303 0301 0303 0301 0303 0103
AUT00179_AUT00179-012, 0303 0303 0303 0303 0101 0303 0101 0303 0101 0303
AUT00179_AUT00179-013, 0303 0303 0303 0303 0303 0303 0303 0303 0303 0101
AUT00179_AUT00179-014, 0303 0303 0303 0303 0303 0301 0303 0301 0303 0101
AUT00179_AUT00179-015, 0303 0303 0303 0303 0303 0303 0303 0303 0303 0103
AUT00179_AUT00179-016, 0303 0303 0303 0303 0303 0303 0303 0303 0303 0103
AUT00179_AUT00179-017, 0303 0303 0303 0303 0303 0303 0303 0303 0303 0103
AUT00179_AUT00179-018, 0303 0303 0301 0303 0303 0303 0303 0303 0303 0303
AUT00179_AUT00179-019, 0303 0303 0303 0303 0303 0301 0303 0301 0303 0303
AUT00179_AUT00179-002, 0303 0303 0303 0303 0303 0303 0303 0303 0303 0103
AUT00179_AUT00179-020, 0303 0303 0303 0303 0303 0303 0303 0303 0303 0103
AUT00179_AUT00179-021, 0303 0303 0303 0303 0303 0301 0303 0301 0303 0103
AUT00179_AUT00179-022, 0303 0303 0301 0303 0303 0301 0303 0301 0303 0103
AUT00179_AUT00179-023, 0301 0303 0303 0303 0301 0301 0301 0301 0301 0303
AUT00179_AUT00179-024, 0303 0303 0303 0303 0301 0303 0301 0303 0301 0303
AUT00179_AUT00179-025, 0303 0303 0303 0303 0301 0303 0301 0303 0301 0103
AUT00179_AUT00179-003, 0303 0303 0303 0303 0301 0301 0301 0301 0301 0101
AUT00179_AUT00179-004, 0303 0303 0303 0303 0303 0303 0303 0303 0303 0303
AUT00179_AUT00179-005, 0303 0303 0303 0303 0101 0303 0101 0303 0101 0103
AUT00179_AUT00179-006, 0303 0303 0303 0303 0301 0301 0301 0301 0301 0103
AUT00179_AUT00179-007, 0303 0303 0303 0303 0301 0301 0301 0301 0301 0101
AUT00179_AUT00179-008, 0303 0303 0303 0303 0303 0301 0303 0101 0303 0103
AUT00179_AUT00179-009, 0301 0303 0303 0303 0301 0303 0301 0303 0301 0103
Pop
ITA00271_ITA00271-025, 0303 0303 0303 0303 0303 0303 0303 0303 0303 0101
ITA00271_ITA00271-001, 0303 0303 0303 0303 0303 0303 0303 0303 0303 0101
ITA00271_ITA00271-002, 0303 0303 0303 0303 0303 0303 0303 0303 0303 0101
ITA00271_ITA00271-003, 0303 0303 0303 0303 0303 0303 0303 0303 0303 0101
ITA00271_ITA00271-004, 0301 0303 0303 0303 0301 0303 0301 0303 0301 0101
ITA00271_ITA00271-005, 0303 0303 0303 0303 0303 0303 0303 0303 0303 0101
ITA00271_ITA00271-006, 0303 0301 0303 0303 0301 0303 0301 0303 0301 0101
ITA00271_ITA00271-008, 0303 0301 0303 0303 0301 0303 0301 0303 0301 0101
ITA00271_ITA00271-009, 0303 0303 0303 0303 0301 0303 0301 0303 0301 0101
ITA00271_ITA00271-010, 0303 0301 0303 0303 0303 0303 0303 0303 0303 0101
ITA00271_ITA00271-011, 0303 0301 0303 0303 0101 0303 0101 0303 0101 0101
ITA00271_ITA00271-012, 0303 0301 0303 0303 0301 0303 0301 0303 0301 0101
ITA00271_ITA00271-014, 0303 0303 0303 0303 0303 0303 0303 0303 0303 0101
ITA00271_ITA00271-015, 0303 0303 0303 0303 0303 0301 0303 0301 0303 0101
ITA00271_ITA00271-016, 0303 0101 0303 0303 0301 0303 0301 0303 0301 0101
ITA00271_ITA00271-017, 0303 0303 0303 0303 0301 0303 0301 0303 0301 0101
ITA00271_ITA00271-018, 0303 0301 0303 0303 0303 0303 0303 0303 0303 0101
ITA00271_ITA00271-019, 0303 0303 0303 0303 0301 0303 0303 0303 0303 0101
ITA00271_ITA00271-020, 0303 0301 0303 0303 0303 0303 0303 0303 0303 0101
ITA00271_ITA00271-021, 0303 0303 0303 0303 0301 0303 0301 0303 0301 0101
ITA00271_ITA00271-022, 0303 0301 0303 0303 0101 0303 0101 0303 0101 0101
ITA00271_ITA00271-023, 0303 0301 0303 0303 0303 0301 0303 0301 0303 0101
ITA00271_ITA00271-024, 0303 0301 0303 0303 0301 0303 0301 0303 0301 0101
Pop
SVN00025_SVN00025-001, 0303 0303 0303 0303 0303 0301 0303 0301 0303 0303
SVN00025_SVN00025-002, 0303 0303 0303 0303 0303 0301 0303 0301 0303 0101
SVN00025_SVN00025-004, 0301 0303 0303 0303 0303 0303 0303 0303 0303 0103
SVN00025_SVN00025-005, 0303 0303 0303 0303 0303 0303 0303 0303 0303 0303
SVN00025_SVN00025-006, 0301 0303 0303 0301 0303 0303 0303 0303 0303 0103
SVN00025_SVN00025-007, 0303 0303 0303 0303 0303 0301 0303 0301 0303 0303
SVN00025_SVN00025-008, 0303 0303 0303 0303 0303 0303 0303 0303 0303 0101
SVN00025_SVN00025-009, 0303 0303 0303 0303 0303 0303 0303 0303 0303 0101
SVN00025_SVN00025-010, 0303 0303 0303 0303 0301 0301 0301 0301 0301 0103
SVN00025_SVN00025-011, 0303 0303 0303 0303 0303 0303 0303 0303 0303 0101
SVN00025_SVN00025-012, 0101 0303 0303 0303 0301 0301 0301 0301 0301 0101
SVN00025_SVN00025-013, 0303 0303 0303 0303 0303 0303 0303 0303 0303 0103
SVN00025_SVN00025-014, 0303 0303 0303 0303 0303 0303 0303 0303 0303 0101
SVN00025_SVN00025-015, 0303 0303 0303 0303 0303 0303 0303 0303 0303 0101
SVN00025_SVN00025-016, 0303 0303 0303 0303 0303 0303 0303 0303 0303 0103
SVN00025_SVN00025-017, 0303 0303 0303 0303 0303 0303 0303 0303 0303 0103
SVN00025_SVN00025-018, 0301 0303 0303 0303 0303 0301 0303 0301 0303 0303
SVN00025_SVN00025-019, 0303 0303 0301 0303 0303 0303 0303 0303 0303 0101
SVN00025_SVN00025-020, 0303 0303 0303 0303 0303 0303 0303 0303 0303 0101
SVN00025_SVN00025-021, 0303 0303 0303 0303 0303 0303 0303 0303 0303 0101
SVN00025_SVN00025-022, 0301 0303 0303 0303 0303 0301 0303 0301 0303 0101
SVN00025_SVN00025-023, 0303 0303 0303 0303 0303 0301 0303 0301 0303 0101
SVN00025_SVN00025-024, 0303 0303 0303 0303 0303 0303 0303 0303 0303 0303
SVN00025_SVN00025-025, 0301 0303 0303 0303 0301 0303 0301 0303 0301 0101
Pop
SVN00023_SVN00023-001, 0303 0303 0303 0301 0303 0303 0303 0303 0303 0103
SVN00023_SVN00023-002, 0303 0303 0303 0303 0301 0303 0301 0303 0301 0101
SVN00023_SVN00023-003, 0301 0303 0303 0303 0303 0301 0303 0301 0303 0303
SVN00023_SVN00023-004, 0303 0303 0303 0303 0301 0303 0301 0303 0301 0103
SVN00023_SVN00023-005, 0303 0301 0303 0303 0303 0303 0303 0303 0303 0101
SVN00023_SVN00023-006, 0303 0303 0303 0303 0303 0303 0303 0303 0303 0103
SVN00023_SVN00023-007, 0303 0301 0303 0303 0303 0303 0303 0303 0303 0101
SVN00023_SVN00023-008, 0303 0303 0303 0301 0303 0303 0303 0303 0303 0101
SVN00023_SVN00023-009, 0303 0303 0303 0303 0303 0301 0303 0301 0303 0303
SVN00023_SVN00023-010, 0303 0303 0303 0303 0303 0303 0303 0303 0303 0303
SVN00023_SVN00023-011, 0303 0303 0303 0303 0303 0303 0303 0303 0303 0101
SVN00023_SVN00023-012, 0303 0303 0303 0303 0303 0303 0303 0303 0303 0103
SVN00023_SVN00023-013, 0303 0303 0303 0303 0303 0303 0303 0303 0303 0303
SVN00023_SVN00023-014, 0301 0303 0303 0303 0303 0303 0303 0303 0303 0103
SVN00023_SVN00023-015, 0303 0303 0303 0303 0303 0301 0303 0301 0303 0103
SVN00023_SVN00023-016, 0303 0303 0303 0303 0303 0303 0303 0303 0303 0303
SVN00023_SVN00023-017, 0303 0303 0303 0303 0303 0303 0303 0303 0303 0103
SVN00023_SVN00023-018, 0303 0303 0303 0303 0303 0303 0303 0303 0303 0103
SVN00023_SVN00023-019, 0303 0303 0303 0303 0303 0303 0303 0303 0303 0101
SVN00023_SVN00023-020, 0303 0303 0303 0303 0303 0301 0303 0301 0303 0303
SVN00023_SVN00023-021, 0303 0303 0303 0303 0303 0303 0303 0303 0303 0103
SVN00023_SVN00023-022, 0303 0303 0303 0303 0301 0303 0301 0303 0301 0103
SVN00023_SVN00023-023, 0303 0303 0303 0303 0303 0303 0303 0303 0303 0101
SVN00023_SVN00023-024, 0303 0303 0303 0303 0303 0303 0303 0303 0303 0303
SVN00023_SVN00023-025, 0303 0303 0303 0303 0303 0303 0303 0303 0303 0101
Pop
ITA00260_ITA00260-001, 0303 0303 0303 0303 0101 0303 0101 0303 0101 0103
ITA00260_ITA00260-002, 0303 0303 0303 0303 0301 0303 0301 0303 0301 0303
ITA00260_ITA00260-004, 0303 0303 0301 0303 0303 0301 0303 0301 0303 0103
ITA00260_ITA00260-005, 0303 0303 0303 0303 0301 0303 0301 0303 0301 0103
ITA00260_ITA00260-006, 0303 0303 0303 0303 0301 0303 0301 0303 0301 0103
ITA00260_ITA00260-007, 0303 0303 0303 0303 0303 0301 0303 0301 0303 0101
ITA00260_ITA00260-008, 0301 0303 0303 0303 0303 0303 0303 0303 0303 0103
ITA00260_ITA00260-009, 0303 0303 0303 0303 0303 0303 0303 0303 0303 0101
ITA00260_ITA00260-010, 0301 0303 0303 0303 0303 0301 0303 0301 0303 0101
ITA00260_ITA00260-011, 0303 0303 0303 0303 0303 0303 0303 0303 0303 0103
ITA00260_ITA00260-012, 0303 0303 0303 0303 0303 0303 0303 0303 0303 0103
ITA00260_ITA00260-013, 0303 0303 0303 0303 0303 0301 0303 0301 0303 0303
ITA00260_ITA00260-014, 0303 0303 0303 0303 0303 0303 0303 0303 0303 0103
ITA00260_ITA00260-015, 0303 0303 0303 0303 0303 0301 0303 0301 0303 0103
ITA00260_ITA00260-016, 0303 0303 0303 0303 0303 0303 0303 0303 0303 0101
ITA00260_ITA00260-017, 0303 0303 0303 0303 0303 0303 0303 0303 0303 0101
ITA00260_ITA00260-018, 0303 0303 0301 0303 0303 0301 0303 0301 0303 0103
ITA00260_ITA00260-019, 0303 0303 0303 0303 0303 0101 0303 0101 0303 0103
ITA00260_ITA00260-020, 0303 0303 0303 0303 0301 0301 0301 0301 0301 0101
ITA00260_ITA00260-021, 0301 0303 0303 0303 0303 0303 0303 0303 0303 0303
ITA00260_ITA00260-022, 0303 0303 0303 0303 0303 0303 0303 0303 0303 0103
ITA00260_ITA00260-023, 0301 0303 0301 0303 0303 0303 0303 0303 0303 0103
ITA00260_ITA00260-024, 0303 0303 0303 0303 0301 0301 0301 0301 0301 0101
ITA00260_ITA00260-025, 0303 0303 0303 0303 0303 0303 0303 0303 0303 0103
Pop
ROU00358_ROU00358-002, 0303 0303 0303 0303 0303 0301 0303 0301 0303 0101
ROU00358_ROU00358-003, 0301 0303 0301 0303 0303 0303 0303 0303 0303 0101
ROU00358_ROU00358-005, 0301 0303 0303 0303 0303 0303 0303 0303 0303 0103
ROU00358_ROU00358-006, 0301 0303 0303 0303 0303 0303 0303 0303 0303 0103
ROU00358_ROU00358-007, 0303 0303 0303 0303 0303 0303 0303 0303 0303 0101
ROU00358_ROU00358-008, 0303 0303 0303 0303 0303 0303 0303 0303 0303 0303
ROU00358_ROU00358-009, 0303 0303 0303 0303 0303 0303 0303 0303 0303 0103
ROU00358_ROU00358-010, 0301 0303 0303 0303 0303 0303 0303 0303 0303 0103
ROU00358_ROU00358-011, 0303 0303 0303 0303 0303 0303 0303 0303 0303 0103
ROU00358_ROU00358-012, 0303 0303 0303 0303 0303 0303 0303 0303 0303 0101
ROU00358_ROU00358-013, 0301 0303 0303 0303 0303 0303 0303 0303 0303 0103
ROU00358_ROU00358-014, 0303 0303 0303 0303 0303 0303 0303 0303 0303 0103
ROU00358_ROU00358-015, 0303 0303 0303 0303 0303 0301 0303 0301 0303 0103
ROU00358_ROU00358-016, 0301 0303 0303 0303 0303 0301 0303 0301 0303 0103
ROU00358_ROU00358-017, 0303 0303 0303 0303 0303 0301 0303 0301 0303 0101
ROU00358_ROU00358-018, 0303 0303 0303 0303 0303 0301 0303 0301 0303 0101
ROU00358_ROU00358-019, 0303 0303 0303 0303 0303 0303 0303 0303 0303 0101
ROU00358_ROU00358-020, 0303 0303 0303 0303 0303 0301 0303 0301 0303 0101
ROU00358_ROU00358-021, 0303 0303 0303 0303 0303 0303 0303 0303 0303 0103
ROU00358_ROU00358-022, 0301 0303 0303 0303 0303 0303 0303 0303 0303 0101
ROU00358_ROU00358-023, 0303 0303 0303 0303 0303 0303 0303 0303 0303 0103
ROU00358_ROU00358-024, 0303 0303 0303 0303 0303 0303 0303 0303 0303 0101
ROU00358_ROU00358-025, 0301 0303 0303 0303 0303 0303 0303 0303 0303 0101
Pop
ROU00104_ROU00104-001, 0301 0303 0303 0303 0303 0303 0303 0303 0303 0103
ROU00104_ROU00104-002, 0303 0303 0303 0303 0301 0303 0301 0303 0301 0103
ROU00104_ROU00104-003, 0301 0303 0303 0303 0303 0303 0303 0303 0303 0101
ROU00104_ROU00104-004, 0303 0303 0303 0303 0303 0303 0303 0303 0303 0103
ROU00104_ROU00104-005, 0303 0303 0303 0303 0303 0303 0303 0303 0303 0101
ROU00104_ROU00104-007, 0303 0303 0303 0303 0301 0303 0301 0303 0301 0103
ROU00104_ROU00104-008, 0303 0303 0303 0303 0303 0303 0303 0303 0303 0101
ROU00104_ROU00104-009, 0301 0303 0303 0303 0303 0303 0303 0303 0303 0101
ROU00104_ROU00104-010, 0303 0303 0303 0303 0303 0303 0303 0303 0303 0103
ROU00104_ROU00104-011, 0303 0303 0303 0303 0303 0303 0303 0303 0303 0101
ROU00104_ROU00104-012, 0303 0303 0303 0303 0303 0303 0303 0303 0303 0101
ROU00104_ROU00104-013, 0303 0303 0303 0303 0303 0303 0303 0303 0303 0103
ROU00104_ROU00104-014, 0303 0303 0303 0303 0303 0303 0303 0303 0303 0101
ROU00104_ROU00104-015, 0303 0303 0303 0303 0303 0303 0303 0303 0303 0101
ROU00104_ROU00104-016, 0303 0303 0303 0303 0303 0303 0303 0303 0303 0101
ROU00104_ROU00104-018, 0303 0303 0303 0303 0301 0303 0301 0303 0301 0103
ROU00104_ROU00104-019, 0303 0303 0303 0303 0303 0303 0303 0303 0303 0103
ROU00104_ROU00104-020, 0301 0303 0303 0303 0303 0303 0303 0303 0303 0101
ROU00104_ROU00104-021, 0301 0303 0303 0303 0303 0303 0303 0303 0303 0101
ROU00104_ROU00104-022, 0303 0303 0303 0303 0303 0303 0303 0303 0303 0103
ROU00104_ROU00104-023, 0303 0303 0303 0303 0301 0303 0301 0303 0301 0101
ROU00104_ROU00104-024, 0303 0303 0303 0303 0303 0303 0303 0303 0303 0101
ROU00104_ROU00104-025, 0303 0303 0303 0303 0301 0303 0301 0303 0301 0101
Pop
ROU00389_ROU00389-001, 0303 0303 0303 0303 0303 0303 0303 0303 0303 0103
ROU00389_ROU00389-002, 0303 0303 0303 0303 0303 0303 0303 0303 0303 0103
ROU00389_ROU00389-003, 0303 0303 0303 0303 0303 0303 0303 0303 0303 0101
ROU00389_ROU00389-004, 0303 0303 0303 0303 0301 0303 0301 0303 0301 0103
ROU00389_ROU00389-005, 0301 0303 0303 0303 0303 0303 0303 0303 0303 0103
ROU00389_ROU00389-006, 0303 0303 0303 0303 0303 0303 0303 0303 0303 0303
ROU00389_ROU00389-007, 0301 0303 0303 0303 0303 0303 0303 0303 0303 0101
ROU00389_ROU00389-008, 0301 0303 0303 0303 0303 0303 0303 0303 0303 0103
ROU00389_ROU00389-009, 0303 0303 0303 0303 0303 0303 0303 0303 0303 0103
ROU00389_ROU00389-010, 0303 0303 0303 0303 0303 0303 0303 0303 0303 0103
ROU00389_ROU00389-011, 0303 0301 0303 0303 0303 0303 0303 0303 0303 0101
ROU00389_ROU00389-012, 0303 0303 0303 0303 0303 0303 0303 0303 0303 0101
ROU00389_ROU00389-013, 0303 0303 0303 0303 0303 0303 0303 0303 0303 0101
ROU00389_ROU00389-014, 0303 0303 0303 0303 0303 0303 0303 0303 0303 0101
ROU00389_ROU00389-015, 0303 0301 0303 0303 0303 0303 0303 0303 0303 0101
ROU00389_ROU00389-016, 0303 0303 0303 0303 0303 0303 0303 0303 0301 0101
ROU00389_ROU00389-018, 0303 0303 0303 0303 0303 0303 0303 0303 0303 0101
ROU00389_ROU00389-019, 0303 0303 0303 0303 0303 0303 0303 0303 0303 0103
ROU00389_ROU00389-020, 0303 0303 0303 0303 0303 0303 0303 0303 0303 0101
ROU00389_ROU00389-021, 0301 0303 0303 0303 0303 0303 0303 0303 0303 0103
ROU00389_ROU00389-022, 0303 0303 0303 0303 0303 0303 0303 0303 0303 0101
ROU00389_ROU00389-023, 0303 0303 0303 0303 0303 0303 0303 0303 0303 0101
ROU00389_ROU00389-024, 0303 0303 0303 0303 0301 0303 0301 0303 0301 0101
Pop
ROU00477_ROU00477-001, 0303 0303 0303 0303 0303 0301 0303 0301 0303 0103
ROU00477_ROU00477-008, 0303 0303 0303 0303 0303 0301 0303 0301 0303 0101
ROU00477_ROU00477-010, 0303 0303 0303 0303 0303 0303 0303 0303 0303 0101
ROU00477_ROU00477-012, 0303 0303 0303 0303 0303 0303 0303 0303 0303 0101
ROU00477_ROU00477-015, 0303 0303 0303 0303 0303 0303 0303 0303 0303 0101
ROU00477_ROU00477-020, 0301 0303 0303 0303 0303 0301 0303 0301 0303 0103
ROU00477_ROU00477-022, 0301 0303 0303 0303 0303 0303 0303 0303 0303 0101
ROU00477_ROU00477-025, 0303 0303 0303 0303 0303 0303 0303 0303 0303 0101
Pop
AUT00215_AUT00215-001, 0301 0303 0303 0303 0303 0301 0303 0301 0303 0103
AUT00215_AUT00215-002, 0301 0303 0303 0303 0303 0301 0303 0301 0303 0103
AUT00215_AUT00215-003, 0101 0303 0301 0303 0303 0301 0303 0301 0303 0103
AUT00215_AUT00215-005, 0101 0303 0303 0303 0303 0301 0303 0301 0303 0103
AUT00215_AUT00215-006, 0301 0301 0303 0303 0303 0303 0303 0303 0303 0103
AUT00215_AUT00215-007, 0303 0303 0303 0303 0303 0101 0303 0101 0303 0101
AUT00215_AUT00215-008, 0303 0303 0303 0303 0301 0303 0301 0303 0301 0103
AUT00215_AUT00215-009, 0303 0303 0303 0303 0301 0303 0301 0303 0301 0303
AUT00215_AUT00215-010, 0301 0303 0303 0303 0303 0303 0303 0303 0303 0303
AUT00215_AUT00215-011, 0303 0303 0303 0303 0301 0303 0301 0303 0301 0103
AUT00215_AUT00215-012, 0301 0303 0303 0303 0301 0303 0301 0303 0301 0101
AUT00215_AUT00215-013, 0303 0303 0303 0303 0301 0303 0301 0303 0301 0303
AUT00215_AUT00215-014, 0301 0303 0303 0303 0303 0303 0303 0303 0303 0303
AUT00215_AUT00215-015, 0101 0303 0303 0303 0303 0303 0303 0303 0303 0103
AUT00215_AUT00215-016, 0301 0303 0303 0303 0303 0303 0303 0303 0303 0303
AUT00215_AUT00215-017, 0303 0303 0303 0303 0303 0303 0303 0303 0303 0303
AUT00215_AUT00215-018, 0301 0303 0301 0303 0303 0303 0303 0303 0303 0103
AUT00215_AUT00215-019, 0301 0303 0301 0303 0303 0303 0303 0303 0303 0103
AUT00215_AUT00215-020, 0301 0303 0303 0303 0303 0303 0303 0303 0303 0303
AUT00215_AUT00215-021, 0303 0303 0301 0303 0301 0303 0301 0303 0301 0303
AUT00215_AUT00215-022, 0303 0303 0303 0303 0303 0303 0303 0303 0303 0103
AUT00215_AUT00215-023, 0301 0303 0303 0303 0301 0301 0301 0301 0301 0103
AUT00215_AUT00215-024, 0303 0303 0301 0303 0303 0303 0303 0303 0303 0103
AUT00215_AUT00215-025, 0301 0303 0303 0303 0301 0303 0301 0303 0301 0101
Pop
DEU00114_DEU00114-001, 0303 0303 0303 0303 0303 0301 0303 0301 0303 0101
DEU00114_DEU00114-002, 0303 0303 0303 0303 0301 0303 0301 0303 0301 0103
DEU00114_DEU00114-003, 0301 0303 0303 0303 0301 0303 0301 0303 0301 0103
DEU00114_DEU00114-004, 0303 0303 0101 0303 0303 0303 0303 0303 0303 0101
DEU00114_DEU00114-005, 0101 0303 0301 0303 0303 0301 0303 0301 0303 0103
DEU00114_DEU00114-006, 0301 0303 0303 0303 0303 0301 0303 0301 0303 0103
DEU00114_DEU00114-007, 0303 0303 0301 0303 0303 0303 0303 0303 0303 0103
DEU00114_DEU00114-008, 0303 0303 0303 0303 0301 0303 0301 0303 0301 0101
DEU00114_DEU00114-009, 0301 0303 0303 0303 0301 0303 0301 0303 0301 0103
DEU00114_DEU00114-011, 0301 0303 0303 0303 0301 0303 0301 0303 0301 0103
DEU00114_DEU00114-012, 0303 0303 0303 0303 0303 0303 0303 0303 0303 0101
DEU00114_DEU00114-013, 0301 0303 0303 0303 0303 0303 0303 0303 0303 0103
DEU00114_DEU00114-015, 0303 0303 0303 0303 0301 0303 0301 0303 0301 0103
DEU00114_DEU00114-016, 0301 0303 0303 0303 0303 0303 0303 0303 0303 0303
DEU00114_DEU00114-017, 0303 0303 0303 0303 0303 0303 0303 0303 0303 0101
DEU00114_DEU00114-018, 0301 0303 0303 0303 0303 0303 0303 0303 0303 0103
DEU00114_DEU00114-019, 0303 0303 0303 0303 0301 0301 0301 0301 0301 0101
DEU00114_DEU00114-020, 0301 0303 0303 0303 0303 0301 0303 0301 0303 0103
DEU00114_DEU00114-021, 0301 0303 0303 0303 0301 0301 0301 0301 0301 0103
DEU00114_DEU00114-023, 0303 0303 0301 0303 0303 0101 0303 0101 0303 0103
DEU00114_DEU00114-024, 0301 0303 0303 0303 0301 0301 0301 0301 0301 0103
DEU00114_DEU00114-025, 0303 0303 0303 0303 0301 0303 0301 0303 0301 0101
Pop
FRA00006_FRA00006-001, 0303 0303 0303 0303 0303 0303 0303 0303 0303 0103
FRA00006_FRA00006-002, 0303 0303 0303 0303 0303 0303 0303 0303 0303 0103
FRA00006_FRA00006-003, 0303 0303 0303 0303 0303 0303 0303 0303 0303 0101
FRA00006_FRA00006-004, 0303 0303 0303 0303 0303 0301 0303 0301 0303 0103
FRA00006_FRA00006-007, 0301 0303 0303 0303 0303 0303 0303 0303 0303 0303
FRA00006_FRA00006-009, 0301 0303 0303 0303 0303 0303 0303 0303 0303 0303
FRA00006_FRA00006-010, 0303 0303 0303 0303 0303 0303 0303 0303 0303 0103
FRA00006_FRA00006-011, 0303 0303 0303 0303 0303 0303 0303 0303 0303 0303
FRA00006_FRA00006-012, 0303 0303 0303 0303 0303 0303 0303 0303 0303 0103
FRA00006_FRA00006-016, 0303 0303 0303 0303 0303 0303 0303 0303 0303 0103
FRA00006_FRA00006-017, 0101 0303 0303 0303 0303 0301 0303 0301 0303 0303
FRA00006_FRA00006-018, 0303 0303 0303 0303 0303 0301 0303 0301 0303 0103
FRA00006_FRA00006-019, 0303 0303 0303 0303 0303 0303 0303 0303 0303 0103
FRA00006_FRA00006-020, 0303 0303 0303 0303 0303 0303 0303 0303 0303 0303
Pop
ITA00069_ITA00069-001, 0303 0303 0303 0303 0303 0303 0303 0303 0303 0101
ITA00069_ITA00069-002, 0303 0303 0303 0303 0301 0303 0303 0303 0303 0101
ITA00069_ITA00069-003, 0303 0303 0303 0303 0303 0303 0303 0303 0303 0101
ITA00069_ITA00069-004, 0303 0303 0303 0303 0301 0303 0301 0303 0301 0101
ITA00069_ITA00069-005, 0303 0303 0303 0303 0303 0303 0303 0303 0303 0101
ITA00069_ITA00069-006, 0303 0303 0303 0303 0303 0303 0303 0303 0303 0101
ITA00069_ITA00069-007, 0303 0303 0303 0303 0303 0303 0303 0303 0303 0101
ITA00069_ITA00069-008, 0303 0303 0303 0303 0301 0303 0303 0303 0303 0103
ITA00069_ITA00069-009, 0303 0303 0303 0303 0301 0303 0303 0303 0303 0101
ITA00069_ITA00069-010, 0303 0301 0303 0303 0301 0303 0303 0303 0303 0103
ITA00069_ITA00069-011, 0303 0303 0303 0303 0301 0303 0303 0303 0303 0103
ITA00069_ITA00069-012, 0303 0303 0303 0303 0301 0303 0301 0303 0301 0101
ITA00069_ITA00069-013, 0303 0303 0303 0303 0301 0303 0303 0303 0303 0103
ITA00069_ITA00069-015, 0303 0303 0303 0303 0301 0303 0303 0303 0303 0101
ITA00069_ITA00069-016, 0303 0303 0303 0303 0301 0303 0303 0303 0303 0101
ITA00069_ITA00069-017, 0303 0303 0303 0303 0301 0303 0301 0303 0301 0101
ITA00069_ITA00069-018, 0303 0303 0303 0303 0303 0303 0303 0303 0303 0101
ITA00069_ITA00069-019, 0303 0303 0303 0303 0301 0303 0301 0303 0301 0101
ITA00069_ITA00069-021, 0303 0301 0303 0303 0301 0303 0301 0303 0301 0101
ITA00069_ITA00069-023, 0303 0303 0303 0303 0301 0303 0301 0303 0301 0101
ITA00069_ITA00069-024, 0303 0303 0303 0303 0301 0303 0303 0303 0303 0101
ITA00069_ITA00069-025, 0303 0303 0303 0303 0301 0303 0301 0303 0301 0101
Pop
FRA00019_FRA00019-004, 0303 0303 0303 0301 0301 0301 0301 0301 0301 0303
FRA00019_FRA00019-006, 0301 0303 0301 0303 0303 0301 0303 0301 0303 0303
FRA00019_FRA00019-009, 0303 0303 0303 0301 0301 0301 0301 0301 0301 0303
FRA00019_FRA00019-011, 0303 0303 0303 0303 0301 0301 0301 0301 0301 0303
FRA00019_FRA00019-016, 0301 0301 0301 0303 0301 0301 0301 0301 0301 0103
FRA00019_FRA00019-017, 0303 0303 0301 0303 0303 0301 0303 0301 0301 0103
FRA00019_FRA00019-020, 0303 0303 0303 0301 0303 0101 0303 0101 0303 0303
FRA00019_FRA00019-023, 0301 0303 0303 0303 0303 0101 0303 0101 0303 0303
FRA00019_FRA00019-025, 0303 0303 0301 0301 0301 0301 0301 0301 0301 0103
Pop
FRA00004_FRA00004-001, 0303 0301 0301 0303 0303 0303 0303 0303 0303 0101
FRA00004_FRA00004-002, 0303 0303 0303 0303 0303 0303 0303 0303 0303 0101
FRA00004_FRA00004-003, 0301 0301 0303 0303 0303 0301 0303 0301 0303 0101
FRA00004_FRA00004-006, 0303 0301 0301 0303 0301 0303 0303 0301 0301 0103
FRA00004_FRA00004-007, 0303 0301 0303 0303 0303 0303 0301 0303 0303 0303
FRA00004_FRA00004-011, 0303 0303 0303 0303 0303 0303 0303 0303 0303 0103
FRA00004_FRA00004-013, 0301 0303 0303 0303 0303 0101 0303 0101 0303 0101
FRA00004_FRA00004-015, 0303 0303 0303 0303 0301 0303 0301 0303 0301 0101
FRA00004_FRA00004-017, 0303 0303 0303 0303 0301 0303 0301 0303 0301 0103
FRA00004_FRA00004-018, 0301 0303 0301 0303 0303 0303 0303 0303 0303 0101
FRA00004_FRA00004-024, 0303 0303 0303 0303 0303 0303 0303 0303 0303 0103
Pop
ESP00339_ESP00339-004, 0303 0303 0303 0303 0301 0303 0301 0303 0301 0103
ESP00339_ESP00339-011, 0303 0303 0303 0303 0301 0301 0301 0301 0301 0303
ESP00339_ESP00339-015, 0303 0303 0303 0303 0301 0301 0301 0301 0301 0303
ESP00339_ESP00339-024, 0303 0303 0303 0303 0301 0303 0301 0303 0301 0303
Pop
ITA00217_ITA00217-001, 0303 0303 0303 0303 0303 0301 0303 0301 0303 0101
ITA00217_ITA00217-003, 0303 0303 0303 0303 0303 0303 0303 0303 0303 0103
ITA00217_ITA00217-004, 0303 0303 0303 0303 0303 0303 0303 0303 0303 0103
ITA00217_ITA00217-007, 0303 0303 0303 0303 0303 0303 0303 0303 0303 0103
ITA00217_ITA00217-008, 0303 0303 0303 0303 0301 0301 0301 0301 0301 0101
ITA00217_ITA00217-011, 0301 0303 0303 0303 0301 0303 0301 0303 0301 0101
ITA00217_ITA00217-012, 0303 0303 0303 0303 0301 0303 0301 0303 0301 0101
ITA00217_ITA00217-015, 0303 0303 0303 0303 0303 0303 0303 0303 0303 0103
ITA00217_ITA00217-016, 0303 0303 0303 0303 0303 0303 0303 0303 0303 0101
ITA00217_ITA00217-019, 0303 0303 0303 0303 0303 0303 0303 0303 0303 0101
ITA00217_ITA00217-020, 0303 0303 0303 0303 0301 0301 0301 0301 0301 0101
ITA00217_ITA00217-021, 0301 0303 0303 0303 0301 0303 0301 0303 0301 0101
ITA00217_ITA00217-022, 0303 0303 0303 0303 0303 0303 0303 0303 0303 0103
ITA00217_ITA00217-024, 0303 0303 0303 0303 0301 0303 0301 0303 0301 0101
ITA00217_ITA00217-025, 0303 0303 0303 0303 0301 0301 0301 0301 0301 0103
Pop
ITA00029_ITA00029-001, 0303 0303 0303 0303 0303 0303 0303 0303 0303 0101
ITA00029_ITA00029-002, 0303 0301 0303 0303 0303 0303 0303 0303 0303 0101
ITA00029_ITA00029-003, 0303 0303 0303 0303 0303 0301 0303 0301 0303 0101
ITA00029_ITA00029-004, 0303 0303 0303 0303 0301 0303 0301 0303 0301 0101
ITA00029_ITA00029-006, 0303 0301 0303 0303 0303 0301 0303 0301 0303 0101
ITA00029_ITA00029-007, 0303 0303 0303 0303 0303 0303 0303 0303 0303 0101
ITA00029_ITA00029-008, 0303 0303 0303 0303 0303 0303 0303 0303 0303 0101
ITA00029_ITA00029-009, 0303 0301 0303 0303 0301 0303 0301 0303 0301 0101
ITA00029_ITA00029-010, 0303 0303 0303 0303 0303 0301 0303 0301 0303 0101
ITA00029_ITA00029-012, 0303 0301 0303 0303 0303 0301 0303 0301 0303 0101
ITA00029_ITA00029-014, 0303 0301 0303 0303 0303 0303 0303 0303 0303 0101
ITA00029_ITA00029-015, 0301 0301 0303 0303 0301 0303 0301 0303 0301 0103
ITA00029_ITA00029-016, 0303 0101 0303 0303 0301 0303 0301 0303 0301 0101
ITA00029_ITA00029-017, 0303 0301 0303 0303 0301 0303 0303 0303 0303 0101
ITA00029_ITA00029-018, 0303 0301 0303 0303 0303 0303 0303 0303 0303 0101
ITA00029_ITA00029-019, 0303 0303 0303 0303 0301 0303 0301 0303 0301 0101
ITA00029_ITA00029-020, 0303 0303 0303 0303 0301 0301 0303 0301 0303 0101
ITA00029_ITA00029-022, 0303 0303 0303 0303 0301 0301 0303 0301 0303 0101
ITA00029_ITA00029-023, 0303 0303 0303 0303 0301 0303 0301 0303 0301 0101
ITA00029_ITA00029-024, 0303 0301 0303 0303 0303 0303 0303 0303 0303 0101
ITA00029_ITA00029-025, 0303 0101 0303 0303 0301 0303 0301 0303 0301 0101
